0.494
0.524802
0.540577
0.550826
0.554452
0.55442
0.552744
0.551992
0.555556
0.558247
0.558851
0.556892
0.558698
0.558612
0.559649
0.558603
0.559227
0.559751
0.561596
0.56283
0.561242
0.560429
0.56027
0.55804
0.557825
0.558604
0.5576
0.556072
0.556562
0.556578
0.556063
0.557173
0.556859
0.556586
0.557805
0.557563
0.556465
0.556233
0.555314
0.555623
0.554676
0.554215
0.553141
0.553804
0.55475
0.554178
0.553589
0.552967
0.553833
0.553821
0.553352
0.553254
0.553682
0.553784
0.553597
0.552521
0.552909
0.55225
0.552319
0.55242
0.551877
0.551442
0.55127
0.552004
0.552192
0.552565
0.552058
0.551974
0.552466
0.552485
0.552176
0.55212
0.552241
0.552026
0.552167
0.551649
0.552152
0.552381
0.552169
0.552538
0.55252
0.552435
0.552542
0.552729
0.553114
0.55276
0.552408
0.552918
0.552875
0.552917
0.552633
0.552629
0.553303
0.553211
0.553066
0.552866
0.55337
0.553212
0.55284
0.55235
0.551913
0.551679
0.551804
0.551353
0.551373
0.55143
0.551169
0.551378
0.5512
0.551236
0.551603
0.551352
0.551325
0.551071
0.550798
0.550781
0.550553
0.550168
0.549908
0.550217
0.550101
0.549688
0.549557
0.549538
0.549209
0.549409
0.549295
0.549113
0.549176
0.549511
0.549558
0.549922
0.550121
0.550211
0.550258
0.550526
0.550499
0.550304
0.550379
0.550374
0.550541
0.550612
0.550452
0.550093
0.550311
0.550258
0.550282
0.550354
0.550395
0.550372
0.550589
0.550604
0.550314
0.550345
0.550326
0.550372
0.550591
0.550555
0.550228
0.550333
0.550365
0.550626
0.550566
0.550541
0.550943
0.550912
0.550687
0.55068
0.550695
0.550532
0.55063
0.550856
0.550443
0.550582
0.550465
0.550625
0.550533
0.550721
0.550799
0.55079
0.550673
0.550865
0.551313
0.551456
0.551489
0.551136
0.551391
0.551474
0.551583
0.551449
0.551734
0.551512
0.551357
0.551247
0.551184
0.551295
0.55127
0.551265
0.551525
0.551399
0.551315
0.551214
0.551001
0.550959
0.551016
0.551079
0.551012
0.551174
0.551119
0.551234
0.551271
0.551204
0.551168
0.550983
0.550981
0.551042
0.551049
0.550988
0.550863
0.55101
0.551124
0.551082
0.551113
0.551339
0.551401
0.551387
0.551251
0.551361
0.551556
0.551498
0.551398
0.551588
0.551657
0.55195
0.552024
0.552117
0.552078
0.552062
0.552018
0.551995
0.551844
0.551889
0.551771
0.551644
0.55176
0.551816
0.551818
0.551748
0.551721
0.551765
0.551706
0.551711
0.551615
0.551525
0.55161
0.55161
0.551794
0.551722
0.551772
0.551742
0.551805
0.551884
0.55177
0.551775
0.551546
0.551437
0.551508
0.5517
0.551663
0.551614
0.551566
0.551636
0.551778
0.551891
0.55188
0.551618
0.551761
0.551847
0.552016
0.552105
0.55208
0.552089
0.552177
0.55214
0.552139
0.552235
0.552151
0.552028
0.551866
0.551849
0.551847
0.551875
0.551966
0.552048
0.552127
0.552086
0.552167
0.552207
0.552236
0.552262
0.552291
0.55212
0.552165
0.552119
0.552003
0.55194
0.551965
0.551953
0.551859
0.551971
0.551999
0.552042
0.552067
0.551901
0.551775
0.55175
0.551779
0.551848
0.552027
0.552071
0.552058
0.552061
0.552048
0.55202
0.552034
0.552127
0.552278
0.552419
0.552301
0.552244
0.552259
0.552551
0.552374
0.552342
0.552325
0.552197
0.552136
0.552115
0.552141
0.552106
0.552094
0.552119
0.552122
0.551953
0.551818
0.551682
0.551662
0.551747
0.551742
0.551777
0.551793
0.551811
0.551841
0.551714
0.551738
0.551685
0.551801
0.551758
0.551893
0.551851
0.551773
0.551615
0.551746
0.551766
0.551722
0.551782
0.551594
0.551617
0.551709
0.551549
0.551355
0.551334
0.55113
0.551074
0.551177
0.551152
0.551114
0.551237
0.551223
0.551234
0.551206
0.551158
0.551102
0.551146
0.551078
0.550992
0.551035
0.551018
0.551168
0.551276
0.551394
0.551335
0.551211
0.551194
0.551267
0.551305
0.551177
0.551136
0.551091
0.551055
0.551153
0.55114
0.551072
0.551009
0.551049
0.550998
0.551065
0.551078
0.551119
0.551072
0.551067
0.551097
0.551034
0.551095
0.551045
0.550961
0.550945
0.550882
0.550903
0.550827
0.550931
0.550844
0.550827
0.550932
0.55099
0.551062
0.551089
0.551029
0.551037
0.551067
0.551044
0.551059
0.551078
0.551023
0.55102
0.550958
0.551175
0.551154
0.551342
0.551233
0.551089
0.550972
0.550984
0.550966
0.550954
0.550956
0.550941
0.550999
0.551011
0.551092
0.551064
0.551123
0.551163
0.55118
0.551173
0.551225
0.551236
0.551299
0.551343
0.551376
0.551402
0.551508
0.551551
0.55152
0.551455
0.551386
0.551421
0.551364
0.551412
0.551443
0.551297
0.551299
0.551216
0.551287
0.551241
0.551242
0.551165
0.551238
0.551197
0.551178
0.551128
0.551154
0.551175
0.551165
0.551195
0.551188
0.551092
0.551175
0.551134
0.550969
0.551023
0.551018
0.55109
0.551064
0.551125
0.551071
0.55103
0.550992
0.55091
0.55085
0.550793
0.550831
0.550862
0.550837
0.550775
0.550781
0.550753
0.550706
0.550708
0.550705
0.550624
0.550584
0.550475
0.550544
0.550459
0.550427
0.550476
0.550483
0.550443
0.550531
0.550502
0.550457
0.550441
0.550414
0.550484
0.550444
0.550446
0.550456
0.550449
0.550394
0.550428
0.550419
0.550446
0.55044
0.550356
0.550349
0.550334
0.550313
0.550278
0.550242
0.550308
0.550163
0.550091
0.550014
0.549927
0.549968
0.549936
0.54996
0.54998
0.549937
0.549995
0.550078
0.550057
0.550021
0.549975
0.549852
0.549883
0.549824
0.549863
0.549866
0.549832
0.549825
0.549858
0.549844
0.549891
0.549873
0.549723
0.54972
0.549739
0.54975
0.549827
0.549791
0.549753
0.5498
0.549762
0.549803
0.549798
0.549852
0.549845
0.549832
0.54984
0.549833
0.549881
0.549887
0.54981
0.549842
0.549766
0.549894
0.550056
0.550063
0.550058
0.550044
0.550054
0.550116
0.550036
0.550141
0.550123
0.550041
0.550016
0.550054
0.550062
0.550027
0.549959
0.549983
0.550042
0.549947
0.549991
0.549973
0.550117
0.550162
0.550201
0.550145
0.55011
0.550059
0.55008
0.550103
0.550145
0.550132
0.550122
0.550123
0.550094
0.550131
0.550163
0.550156
0.550128
0.550197
0.55023
0.550125
0.550153
0.550134
0.55018
0.550201
0.550093
0.550146
0.550082
0.55012
0.550085
0.550127
0.550108
0.550124
0.550093
0.550088
0.550119
0.550075
0.550035
0.550065
0.550062
0.550134
0.549989
0.549943
0.549796
0.549769
0.549805
0.549833
0.549852
0.54999
0.549953
0.549946
0.549869
0.549863
0.549917
0.549817
0.549782
0.549796
0.549862
0.54984
0.549777
0.549773
0.549744
0.54975
0.549709
0.549745
0.549784
0.549788
0.549802
0.549786
0.549845
0.549864
0.549875
0.549946
0.549982
0.550026
0.550051
0.55001
0.549926
0.549905
0.550001
0.549998
0.549957
0.54998
0.550012
0.550034
0.550034
0.549989
0.550047
0.550066
0.549996
0.550026
0.550062
0.550137
0.550086
0.550071
0.550064
0.550075
0.55001
0.550097
0.550035
0.550017
0.550088
0.550064
0.550049
0.550001
0.549977
0.550001
0.549977
0.550001
0.549941
0.550023
0.550021
0.550014
0.549938
0.549919
0.549964
0.550007
0.549993
0.550002
0.54998
0.549965
0.54995
0.549983
0.550017
0.549967
0.550004
0.549969
0.550004
0.550034
0.550058
0.550016
0.549966
0.550024
0.550077
0.550036
0.549986
0.549968
0.549948
0.549933
0.549924
0.549912
0.549904
0.549978
0.54994
0.549907
0.549926
0.549919
0.549861
0.549822
0.549848
0.549921
0.54996
0.549942
0.549916
0.549954
0.549944
0.549974
0.549981
0.549951
0.549969
0.550021
0.550009
0.549996
0.549954
0.549992
0.550027
0.550053
0.550045
0.55002
0.550004
0.549982
0.550003
0.550044
0.550015
0.550047
0.550001
0.550018
0.550027
0.550013
0.550042
0.55003
0.55006
0.550068
0.550009
0.549989
0.550005
0.549993
0.549979
0.549967
0.550008
0.549975
0.549952
0.54992
0.549936
0.549979
0.549997
0.55003
0.549932
0.549905
0.549866
0.549876
0.54987
0.54989
0.54991
0.54993
0.549912
0.549858
0.549779
0.549732
0.549735
0.549732
0.549767
0.549743
0.549775
0.549738
0.549659
0.549648
0.549651
0.54962
0.549613
0.549622
0.549663
0.549683
0.549727
0.549764
0.549725
0.549733
0.549713
0.549772
0.549812
0.549841
0.549773
0.549782
0.549765
0.549742
0.549756
0.549755
0.549746
0.549784
0.549738
0.549754
0.549683
0.549669
0.549687
0.549652
0.549647
0.549608
0.549618
0.54959
0.549589
0.549561
0.549618
0.549649
0.549604
0.549636
0.549625
0.549625
0.549583
0.549591
0.549567
0.549526
0.549596
0.549627
0.549604
0.54961
0.549636
0.549618
0.549576
0.549598
0.549609
0.549581
0.549628
0.549639
0.549656
0.549596
0.549549
0.549546
0.549522
0.549504
0.549522
0.549577
0.549542
0.549567
0.549551
0.549589
0.549612
0.549593
0.549574
0.549615
0.549603
0.549633
0.549641
0.549619
0.549562
0.54961
0.549604
0.549578
0.549536
0.549544
0.54954
0.549532
0.549545
0.549594
0.549581
0.549544
0.549572
0.549591
0.549598
0.549588
0.549586
0.549596
0.549554
0.549566
0.549521
0.549534
0.549533
0.549536
0.549542
0.549566
0.549587
0.54963
0.549624
0.549649
0.549618
0.549609
0.549563
0.549514
0.549503
0.549535
0.549533
0.549562
0.549517
0.549522
0.549502
0.549559
0.549569
0.549556
0.549607
0.5496
0.549563
0.549577
0.549562
0.549543
0.549518
0.549522
0.549494
0.549533
0.549524
0.549484
0.549528
0.549573
0.549591
0.549619
0.549574
0.549565
0.549486
0.54946
0.549467
0.549457
0.549438
0.549398
0.549355
0.549368
0.549317
0.549278
0.549289
0.549288
0.549257
0.549245
0.549244
0.549222
0.549255
0.549273
0.549229
0.54921
0.549158
0.549108
0.549061
0.549041
0.549069
0.549085
0.549059
0.549104
0.549071
0.54904
0.549005
0.548975
0.549042
0.548988
0.548946
0.548988
0.548973
0.54895
0.548937
0.548851
0.548846
0.548878
0.548888
0.548895
0.548878
0.548885
0.548846
0.54886
0.548814
0.548837
0.548836
0.548856
0.548861
0.548854
0.548803
0.548795
0.548809
0.548797
0.54881
0.548775
0.5488
0.5488
0.548803
0.548843
0.548833
0.548816
0.548842
0.5488
0.548769
0.548739
0.548736
0.54876
0.54878
0.548794
0.548777
0.548791
0.54882
0.548794
0.548782
0.548834
0.548823
0.548884
0.548915
0.548943
0.548924
0.548927
0.548928
0.548905
0.548899
0.548897
0.548899
0.548902
0.548854
0.548814
0.548785
0.548821
0.548817
0.548821
0.548839
0.548819
0.548807
0.548793
0.54882
0.548882
0.548876
0.548857
0.548834
0.5488
0.548762
0.5488
0.548879
0.548855
0.548857
0.548863
0.548867
0.548903
0.548883
0.548902
0.548906
0.548887
0.548877
0.548841
0.548828
0.548844
0.548787
0.548817
0.548855
0.548907
0.548953
0.548943
0.548978
0.549014
0.549017
0.549001
0.54904
0.549056
0.549051
0.549097
0.549106
0.549114
0.549145
0.549125
0.549117
0.549047
0.549074
0.549101
0.549108
0.5491
0.549085
0.549103
0.5491
0.54909
0.549102
0.549103
0.54909
0.549091
0.549082
0.549086
0.549089
0.549084
0.549075
0.549058
0.549059
0.549071
0.549091
0.549088
0.549091
0.549043
0.549027
0.549035
0.549092
0.549077
0.549094
0.549068
0.549065
0.549055
0.54907
0.5491
0.549135
0.549124
0.549105
0.549105
0.549143
0.549134
0.549147
0.549194
0.549229
0.549226
0.549237
0.549223
0.54923
0.549257
0.549297
0.549331
0.549366
0.54935
0.549392
0.5494
0.549388
0.549346
0.549343
0.549325
0.549307
0.549309
0.54927
0.549229
0.549254
0.549256
0.549279
0.54928
0.549271
0.549251
0.54928
0.549299
0.54929
0.549266
0.549267
0.5493
0.549294
0.549278
0.549272
0.54929
0.549323
0.549331
0.549325
0.54933
0.549277
0.549253
0.549218
0.549223
0.549212
0.549203
0.549188
0.549165
0.549156
0.54914
0.549133
0.549143
0.549207
0.549197
0.549199
0.549217
0.549192
0.549218
0.5492
0.549225
0.549232
0.54924
0.549276
0.549317
0.549352
0.549313
0.54938
0.549375
0.549376
0.549369
0.549325
0.549311
0.549317
0.549269
0.549243
0.549211
0.549215
0.549207
0.549232
0.549219
0.549205
0.549192
0.549139
0.549183
0.549195
0.549185
0.549217
0.549197
0.549203
0.549228
0.549216
0.549232
0.549215
0.549194
0.549203
0.549205
0.549204
0.549189
0.549204
0.549203
0.549229
0.549222
0.549208
0.549219
0.549217
0.549231
0.549228
0.54921
0.549234
0.549174
0.549175
0.549161
0.549181
0.549211
0.549231
0.549194
0.549219
0.549219
0.549193
0.549179
0.549163
0.549155
0.549156
0.54917
0.549159
0.549157
0.549148
0.549116
0.549127
0.549135
0.549114
0.549104
0.549103
0.549083
0.549109
0.549092
0.549097
0.549094
0.549093
0.549102
0.549105
0.54908
0.549077
0.549029
0.549022
0.548982
0.54899
0.549052
0.549052
0.54903
0.549042
0.54912
0.549112
0.54912
0.549145
0.549176
0.549189
0.549189
0.54923
0.549226
0.549207
0.549203
0.549208
0.549217
0.549216
0.549219
0.549236
0.549222
0.549212
0.54924
0.549211
0.549187
0.549209
0.549214
0.549247
0.549266
0.54927
0.549307
0.549309
0.54931
0.549322
0.549323
0.549306
0.549305
0.54932
0.549307
0.549325
0.54931
0.549292
0.54932
0.54934
0.549345
0.549355
0.549365
0.549364
0.549369
0.549352
0.54936
0.549398
0.549402
0.549398
0.549388
0.549396
0.549386
0.549382
0.549374
0.549338
0.549387
0.549382
0.549397
0.549412
0.549399
0.54941
0.54943
0.549416
0.549398
0.549398
0.549363
0.549356
0.549314
0.549321
0.549319
0.549313
0.549331
0.549316
0.549281
0.549274
0.549285
0.549264
0.549261
0.54929
0.5493
0.549316
0.549314
0.54933
0.549348
0.5493
0.549321
0.549292
0.549296
0.549298
0.549295
0.549291
0.549268
0.549298
0.54929
0.549285
0.549267
0.549203
0.549191
0.549185
0.549169
0.549166
0.54921
0.549207
0.549228
0.549245
0.549234
0.549259
0.549243
0.549225
0.549216
0.549205
0.549216
0.549238
0.549212
0.549249
0.549236
0.549251
0.549223
0.549216
0.549227
0.549259
0.549234
0.549256
0.549245
0.549217
0.549197
0.549219
0.549208
0.549222
0.549212
0.549203
0.549192
0.549178
0.549191
0.549184
0.549197
0.549196
0.549155
0.549174
0.54917
0.549162
0.549143
0.54916
0.549168
0.549179
0.549184
0.549192
0.549206
0.549213
0.549198
0.549194
0.54922
0.549226
0.549226
0.549266
0.549251
0.549234
0.549223
0.549232
0.549263
0.549241
0.549221
0.549237
0.54928
0.549296
0.549289
0.549295
0.549286
0.549245
0.549275
0.549285
0.549272
0.549302
0.549298
0.549311
0.549302
0.549318
0.549306
0.549303
0.549298
0.549284
0.549323
0.54935
0.549353
0.54936
0.549403
0.549403
0.549385
0.549376
0.549384
0.549409
0.549413
0.549424
0.549419
0.549373
0.549375
0.549373
0.549336
0.549325
0.54935
0.54935
0.549342
0.549366
0.549383
0.549399
0.549415
0.549432
0.549431
0.549451
0.549502
0.549478
0.549454
0.549448
0.549466
0.54948
0.549469
0.549472
0.549467
0.54947
0.549483
0.549461
0.549417
0.549377
0.549398
0.549429
0.549454
0.549489
0.549495
0.549497
0.549484
0.549476
0.549465
0.549477
0.549491
0.549488
0.549509
0.549512
0.549527
0.549536
0.549529
0.549545
0.549533
0.549533
0.549518
0.549515
0.549511
0.549522
0.549506
0.549498
0.549529
0.549544
0.549545
0.549534
0.549537
0.549524
0.549537
0.549566
0.549579
0.549542
0.549555
0.549542
0.549538
0.549561
0.549551
0.549565
0.54957
0.549545
0.549566
0.549602
0.54957
0.549554
0.549561
0.54959
0.5496
0.549627
0.549625
0.549643
0.549657
0.54965
0.549634
0.549621
0.5496
0.549567
0.549568
0.549616
0.549616
0.549607
0.549657
0.549663
0.549673
0.549662
0.549699
0.549724
0.549737
0.549727
0.549727
0.549776
0.549794
0.549791
0.549806
0.549832
0.549825
0.549876
0.549863
0.54987
0.549884
0.549873
0.549887
0.549901
0.549929
0.549911
0.549899
0.549905
0.549939
0.549911
0.549886
0.549865
0.549834
0.549848
0.549849
0.549873
0.54993
0.5499
0.549874
0.54991
0.549929
0.549945
0.549963
0.550005
0.550011
0.550007
0.549981
0.549957
0.549975
0.549979
0.549978
0.549988
0.550002
0.550017
0.549975
0.550001
0.55002
0.550029
0.550036
0.550017
0.550031
0.55005
0.550072
0.550072
0.550075
0.5501
0.550104
0.550137
0.550154
0.550145
0.550166
0.550153
0.550136
0.550136
0.550134
0.55015
0.55016
0.550176
0.550167
0.550156
0.550146
0.550121
0.550156
0.550142
0.550141
0.550185
0.550164
0.550188
0.550169
0.55018
0.55016
0.550166
0.550186
0.550208
0.55019
0.550202
0.550247
0.550263
0.550261
0.55026
0.550244
0.550236
0.55019
0.550175
0.55018
0.550198
0.550177
0.550209
0.550192
0.550207
0.550208
0.550206
0.550212
0.5502
0.550225
0.550213
0.550228
0.5502
0.550215
0.550179
0.55021
0.550216
0.550204
0.550225
0.550233
0.55024
0.550259
0.550258
0.550278
0.55027
0.550274
0.550273
0.550259
0.550227
0.550195
0.550227
0.550207
0.550219
0.550205
0.550194
0.550196
0.550212
0.55022
0.55021
0.550209
0.550205
0.550206
0.550224
0.550226
0.550205
0.550197
0.550203
0.550212
0.550211
0.550228
0.550227
0.55025
0.550273
0.550286
0.550284
0.550295
0.550284
0.550302
0.550303
0.550306
0.550299
0.550311
0.550315
0.550313
0.550338
0.550327
0.550312
0.550281
0.550292
0.550313
0.550329
0.550339
0.550337
0.55034
0.550366
0.55039
0.550384
0.550395
0.550395
0.550371
0.55035
0.550355
0.55034
0.550335
0.550339
0.55031
0.550334
0.550352
0.550327
0.550293
0.550273
0.550256
0.550273
0.550263
0.550276
0.550295
0.550308
0.550304
0.550308
0.550319
0.5503
0.550315
0.550329
0.550331
0.550354
0.550338
0.550328
0.550341
0.550357
0.550349
0.550363
0.550375
0.550391
0.550386
0.550394
0.550397
0.550375
0.550354
0.550383
0.550371
0.55031
0.550322
0.550308
0.550283
0.550265
0.550288
0.550276
0.5503
0.550307
0.550302
0.550306
0.550313
0.550315
0.550319
0.550335
0.550364
0.550385
0.550363
0.550376
0.550349
0.55034
0.550334
0.550323
0.550336
0.550354
0.55037
0.550374
0.550351
0.550352
0.550372
0.550371
0.550353
0.55034
0.550329
0.55032
0.550314
0.550312
0.550324
0.550324
0.550321
0.550334
0.550326
0.550323
0.550339
0.550323
0.550316
0.550317
0.550293
0.550276
0.550288
0.550314
0.550304
0.550316
0.550281
0.550259
0.550294
0.550282
0.550279
0.550245
0.550276
0.550305
0.550331
0.550331
0.550335
0.550332
0.550341
0.550325
0.550319
0.550307
0.550314
0.550326
0.550325
0.550329
0.550335
0.55035
0.550332
0.550341
0.550355
0.550352
0.550338
0.550334
0.550322
0.550321
0.550329
0.550332
0.5503
0.550321
0.550314
0.550319
0.550297
0.55028
0.550294
0.550285
0.550311
0.550291
0.550289
0.550284
0.550273
0.550286
0.550239
0.550233
0.550243
0.550225
0.550233
0.550245
0.550258
0.550273
0.550276
0.550279
0.550269
0.550267
0.55024
0.550238
0.550246
0.550241
0.550238
0.550249
0.550245
0.550265
0.550284
0.550266
0.550271
0.550279
0.550274
0.550271
0.550262
0.550256
0.550266
0.550271
0.550252
0.55025
0.550261
0.550261
0.550251
0.550245
0.550254
0.550282
0.550301
0.550294
0.550291
0.550287
0.550258
0.550271
0.550265
0.550257
0.550248
0.550238
0.550233
0.55024
0.550223
0.550196
0.550181
0.55018
0.550162
0.550174
0.550184
0.550144
0.550123
0.550131
0.550114
0.550092
0.550072
0.550078
0.550089
0.550081
