0.539171
0.549107
0.563536
0.564449
0.574627
0.575258
0.582308
0.578947
0.575361
0.573553
0.571264
0.569298
0.571478
0.568627
0.564201
0.562672
0.560911
0.559527
0.559828
0.559669
0.56075
0.558859
0.557746
0.559364
0.558785
0.560613
0.560794
0.560819
0.561817
0.560693
0.560967
0.561201
0.562191
0.56305
0.562784
0.563096
0.564239
0.564937
0.566041
0.565682
0.565301
0.564897
0.564971
0.565018
0.565639
0.564202
0.565946
0.566377
0.566489
0.566825
0.56674
0.567218
0.568171
0.568575
0.568015
0.56765
0.566422
0.565194
0.564236
0.56506
0.564089
0.564343
0.56366
0.562844
0.563432
0.56433
0.564209
0.563937
0.563749
0.563808
0.564391
0.563126
0.562962
0.562847
0.563902
0.562887
0.562744
0.562847
0.562318
0.562444
0.562348
0.562204
0.562287
0.561759
0.562131
0.562178
0.562086
0.562161
0.562248
0.562357
0.561755
0.561654
0.561119
0.56062
0.560056
0.560285
0.560783
0.560499
0.560487
0.560926
0.561003
0.561032
0.560645
0.559712
0.559089
0.558534
0.559144
0.560123
0.55956
0.55932
0.559533
0.558893
0.559486
0.559099
0.558879
0.559067
0.559073
0.559249
0.559314
0.558859
0.558509
0.55858
0.558456
0.558736
0.558244
0.558351
0.55899
0.558959
0.559136
0.559438
0.56008
0.56074
0.560776
0.561249
0.561378
0.561224
0.560664
0.560462
0.560471
0.560634
0.560567
0.560699
0.561131
0.5611
0.560656
0.560792
0.560785
0.560952
0.56042
0.560303
0.560081
0.560193
0.560201
0.560112
0.559728
0.559794
0.559793
0.55984
0.56027
0.559912
0.559181
0.55965
0.560031
0.559792
0.560192
0.55993
0.560025
0.560291
0.560265
0.560573
0.560584
0.560231
0.560349
0.560166
0.559773
0.559343
0.559249
0.559333
0.559418
0.55898
0.558784
0.558463
0.558477
0.558386
0.558191
0.558198
0.557712
0.557193
0.557112
0.557413
0.557563
0.557566
0.557638
0.557708
0.557904
0.557918
0.55787
0.557456
0.557236
0.557419
0.557658
0.557841
0.557858
0.558019
0.558225
0.558427
0.55832
0.558318
0.558153
0.558285
0.558221
0.557969
0.55772
0.55811
0.558352
0.558609
0.558733
0.558791
0.558577
0.558515
0.558643
0.558273
0.558846
0.558959
0.559037
0.559111
0.559208
0.559076
0.558901
0.558639
0.558778
0.558635
0.558619
0.558767
0.55886
0.559
0.558899
0.558869
0.558788
0.558508
0.55844
0.558438
0.558411
0.558336
0.558083
0.558028
0.557889
0.557779
0.557697
0.55768
0.557804
0.557885
0.558086
0.558092
0.558114
0.558125
0.558031
0.558132
0.557893
0.557665
0.557883
0.557787
0.557918
0.558
0.557837
0.557533
0.557531
0.557479
0.557478
0.557151
0.556868
0.556904
0.556805
0.556755
0.556748
0.556835
0.556916
0.556804
0.556957
0.557113
0.556939
0.55687
0.55668
0.556447
0.556308
0.556204
0.556322
0.556358
0.556102
0.556125
0.555807
0.555755
0.55548
0.555743
0.555982
0.555938
0.556053
0.555986
0.556003
0.556015
0.555953
0.556035
0.555971
0.555941
0.555842
0.555846
0.555648
0.555747
0.555522
0.555677
0.555783
0.555871
0.555953
0.556085
0.555718
0.555708
0.555924
0.555977
0.555995
0.556132
0.556024
0.555991
0.555941
0.555828
0.555907
0.55572
0.55557
0.555366
0.555302
0.555412
0.555368
0.555368
0.555359
0.55544
0.555443
0.555354
0.555235
0.555203
0.555157
0.555098
0.555131
0.555126
0.554975
0.555142
0.555107
0.554895
0.554927
0.554913
0.554914
0.555011
0.555085
0.555037
0.555094
0.555138
0.554994
0.554809
0.555139
0.555206
0.555154
0.555125
0.555073
0.555146
0.555213
0.555012
0.55502
0.554924
0.555037
0.555043
0.555124
0.555187
0.555037
0.554996
0.554982
0.554886
0.55489
0.555014
0.554923
0.55504
0.554939
0.554992
0.555043
0.55507
0.554982
0.555113
0.555106
0.555095
0.555141
0.555077
0.555172
0.555273
0.555119
0.555177
0.555222
0.555199
0.555067
0.555112
0.555329
0.55518
0.555189
0.555264
0.555298
0.555285
0.555207
0.554978
0.554946
0.554881
0.554884
0.554704
0.554745
0.554794
0.554854
0.554992
0.55509
0.555106
0.554908
0.554984
0.555046
0.555038
0.555164
0.55505
0.554915
0.554898
0.554957
0.554889
0.554962
0.554995
0.555034
0.555025
0.554945
0.554876
0.554761
0.554654
0.554669
0.554781
0.55461
0.554521
0.554443
0.554478
0.554395
0.554338
0.554447
0.554403
0.554387
0.554403
0.554482
0.554526
0.55463
0.5545
0.554389
0.554303
0.554311
0.554257
0.554292
0.554277
0.55435
0.554358
0.554115
0.554158
0.554273
0.554457
0.55475
0.554624
0.554709
0.554705
0.554742
0.554839
0.55482
0.554836
0.554903
0.554905
0.555116
0.555083
0.555089
0.555102
0.555101
0.555027
0.55512
0.55521
0.55506
0.555022
0.554941
0.554801
0.554778
0.554917
0.554867
0.554846
0.554885
0.554775
0.554656
0.554672
0.554697
0.554619
0.554723
0.554663
0.554707
0.554857
0.55493
0.555055
0.555163
0.555222
0.555226
0.555303
0.555475
0.555421
0.555327
0.555247
0.555285
0.555352
0.555524
0.555426
0.555381
0.555372
0.555427
0.555321
0.555385
0.555412
0.555491
0.555491
0.55542
0.555398
0.555496
0.555481
0.555455
0.555371
0.555287
0.555321
0.555385
0.555457
0.555432
0.555506
0.555595
0.555536
0.555588
0.555736
0.555802
0.555715
0.555787
0.555782
0.555689
0.555748
0.555703
0.555774
0.55585
0.55582
0.555687
0.555721
0.555668
0.555684
0.555572
0.555454
0.555445
0.555424
0.555316
0.555302
0.555279
0.555412
0.555416
0.555256
0.55527
0.555332
0.555305
0.555324
0.555405
0.555357
0.555454
0.555523
0.555525
0.555519
0.555601
0.555633
0.555662
0.555814
0.555793
0.555735
0.555802
0.555658
0.555693
0.55564
0.555618
0.555631
0.555556
0.555681
0.555656
0.555582
0.555561
0.555621
0.555662
0.555735
0.555647
0.555714
0.555688
0.555712
0.555711
0.555639
0.555545
0.555498
0.555507
0.555478
0.555545
0.555592
0.555626
0.55554
0.555548
0.555538
0.555529
0.555509
0.555587
0.555644
0.55562
0.555689
0.555785
0.555736
0.555699
0.555632
0.555717
0.555657
0.55568
0.55568
0.555668
0.555645
0.55563
0.555489
0.555459
0.555277
0.555229
0.555254
0.555167
0.555128
0.555082
0.555038
0.554997
0.555073
0.555038
0.554977
0.555011
0.555005
0.554995
0.555055
0.554953
0.554868
0.554974
0.555075
0.555101
0.555069
0.555066
0.55496
0.554961
0.554941
0.554976
0.554978
0.554984
0.555007
0.555034
0.555109
0.55517
0.555128
0.554995
0.5551
0.555067
0.555022
0.55504
0.555137
0.555213
0.555227
0.555171
0.55508
0.555131
0.555039
0.555097
0.555102
0.55505
0.554971
0.554926
0.554873
0.554809
0.554848
0.554887
0.554899
0.554854
0.554834
0.554756
0.554727
0.554725
0.554553
0.554554
0.554514
0.554517
0.554517
0.554397
0.554441
0.554494
0.554576
0.554567
0.554569
0.554526
0.554605
0.554494
0.554417
0.554516
0.554475
0.554455
0.554487
0.55451
0.55451
0.554454
0.554441
0.554514
0.554456
0.554439
0.554437
0.554488
0.554505
0.554561
0.554654
0.554581
0.554617
0.554629
0.554695
0.554762
0.554752
0.554736
0.554706
0.554682
0.554623
0.554712
0.55464
0.554634
0.554562
0.554497
0.554399
0.554458
0.554441
0.554415
0.55442
0.554531
0.554535
0.554568
0.554471
0.554473
0.554491
0.554436
0.554408
0.554379
0.554354
0.554344
0.554293
0.554251
0.554203
0.554176
0.554272
0.554361
0.554376
0.554352
0.554303
0.554339
0.554264
0.554322
0.554386
0.554367
0.554371
0.554392
0.554285
0.55421
0.554248
0.554246
0.554193
0.554182
0.554173
0.554085
0.554062
0.554024
0.554024
0.55398
0.554036
0.554007
0.553963
0.553982
0.553979
0.553996
0.554043
0.554004
0.553934
0.553918
0.553863
0.553933
0.553971
0.553984
0.553966
0.55395
0.553966
0.55398
0.553991
0.554026
0.553969
0.553973
0.553975
0.553956
0.553931
0.553861
0.553846
0.553899
0.553902
0.553925
0.553944
0.553892
0.553838
0.553881
0.553811
0.553889
0.553862
0.553863
0.553791
0.553714
0.55371
0.553715
0.553655
0.553689
0.553569
0.55356
0.553561
0.55349
0.553439
0.553484
0.553373
0.553373
0.553378
0.553387
0.553417
0.55333
0.553384
0.553411
0.553503
0.553573
0.55356
0.553502
0.553517
0.553535
0.553505
0.553531
0.553513
0.553462
0.5534
0.553415
0.553491
0.553453
0.553441
0.553519
0.553572
0.553629
0.553585
0.553682
0.553675
0.553637
0.553553
0.553523
0.5535
0.553602
0.553609
0.553609
0.553608
0.55356
0.553515
0.553501
0.553452
0.553416
0.553388
0.553356
0.553451
0.553444
0.553445
0.5535
0.553471
0.553497
0.553398
0.553474
0.553435
0.55345
0.553497
0.553571
0.553552
0.553569
0.553564
0.553528
0.553508
0.553422
0.553395
0.553519
0.553517
0.553434
0.55341
0.553478
0.553486
0.553478
0.553406
0.553372
0.553396
0.55336
0.553392
0.55329
0.553269
0.553248
0.553217
0.55323
0.553218
0.553336
0.553296
0.553303
0.553278
0.553313
0.553339
0.553338
0.553364
0.553269
0.553315
0.553257
0.553237
0.553226
0.553235
0.553209
0.553255
0.553266
0.553225
0.553208
0.553121
0.553076
0.553114
0.553092
0.553151
0.553049
0.552995
0.552874
0.552894
0.552886
0.552767
0.552766
0.55271
0.552716
0.552712
0.552722
0.552802
0.552878
0.552917
0.552946
0.55302
0.553038
0.553027
0.553115
0.553088
0.55311
0.55306
0.553016
0.553062
0.553123
0.553115
0.553194
0.553194
0.553245
0.553152
0.553174
0.553136
0.553278
0.553287
0.553208
0.553286
0.55333
0.553268
0.553283
0.553273
0.553307
0.553311
0.553324
0.553332
0.553304
0.553241
0.553247
0.553208
0.553179
0.553185
0.553191
0.55325
0.553195
0.553227
0.553105
0.553092
0.553077
0.553129
0.553059
0.553045
0.553079
0.55299
0.553003
0.55302
0.553046
0.553104
0.553093
0.553147
0.553169
0.553254
0.553227
0.553185
0.55317
0.553216
0.553169
0.553234
0.55328
0.553307
0.553351
0.55338
0.553438
0.553488
0.553459
0.553448
0.553391
0.553371
0.553334
0.553343
0.553398
0.55337
0.553376
0.553356
0.553355
0.553426
0.553446
0.553444
0.553391
0.553377
0.553338
0.553305
0.553297
0.553314
0.553329
0.553348
0.553357
0.553301
0.553231
0.553225
0.553198
0.55319
0.553249
0.553228
0.553289
0.553261
0.553245
0.553277
0.553272
0.553275
0.553344
0.553394
0.55336
0.553386
0.553388
0.553371
0.553406
0.55341
0.553378
0.553337
0.553356
0.553337
0.553327
0.553234
0.553255
0.553239
0.553247
0.553254
0.553225
0.553278
0.553233
0.5532
0.553183
0.553242
0.553326
0.553277
0.553294
0.553313
0.553311
0.553346
0.553316
0.553318
0.553272
0.553258
0.553286
0.553301
0.553257
0.553233
0.553211
0.553295
0.553281
0.55326
0.553278
0.553281
0.553261
0.553244
0.553289
0.55322
0.55322
0.553151
0.553154
0.553161
0.553163
0.55315
0.553194
0.553286
0.553277
0.553215
0.553196
0.553119
0.55305
0.553073
0.553042
0.552983
0.552959
0.552998
0.552984
0.552943
0.552948
0.552925
0.552898
0.552926
0.552961
0.552998
0.552969
0.553034
0.552987
0.553008
0.553047
0.552968
0.553021
0.553047
0.553096
0.553093
0.553144
0.553143
0.553166
0.553225
0.553258
0.55324
0.553271
0.55324
0.55317
0.553154
0.553162
0.553205
0.553195
0.553185
0.553162
0.553106
0.553124
0.553076
0.553001
0.553023
0.553054
0.553028
0.553041
0.553036
0.553041
0.553063
0.553095
0.553128
0.553132
0.553156
0.55318
0.553123
0.553079
0.553079
0.553129
0.55317
0.553174
0.553138
0.5531
0.553099
0.553131
0.553177
0.553179
0.553155
0.553112
0.553107
0.553112
0.553134
0.55312
0.553115
0.55308
0.55306
0.553026
0.553008
0.553008
0.552969
0.552997
0.553033
0.553095
0.553121
0.553116
0.553071
0.553045
0.553094
0.553118
0.553165
0.553186
0.5532
0.553178
0.553138
0.553161
0.553143
0.553182
0.553163
0.553141
0.553163
0.553187
0.55318
0.553116
0.553111
0.55308
0.553105
0.553089
0.553141
0.553118
0.55309
0.553099
0.553141
0.553198
0.553226
0.553207
0.553216
0.553202
0.55322
0.553225
0.553211
0.553164
0.553146
0.553214
0.553155
0.55315
0.553155
0.553175
0.553072
0.553051
0.552999
0.552987
0.552933
0.552896
0.552844
0.552869
0.552836
0.552863
0.552864
0.552896
0.552939
0.552973
0.552984
0.552967
0.552924
0.552953
0.552984
0.552955
0.552962
0.552974
0.552973
0.552918
0.552914
0.552885
0.552853
0.552855
0.552831
0.552792
0.552737
0.552752
0.552743
0.552734
0.552786
0.552749
0.552736
0.5528
0.552803
0.552797
0.552858
0.552926
0.552957
0.553034
0.553
0.552884
0.552892
0.552873
0.552846
0.552911
0.552943
0.552893
0.552897
0.552956
0.552954
0.552914
0.552933
0.552915
0.552923
0.552962
0.552958
0.552957
0.552943
0.552902
0.552924
0.552922
0.55293
0.552904
0.552922
0.552937
0.55292
0.552891
0.552919
0.552858
0.552826
0.552746
0.552777
0.552815
0.552849
0.552889
0.55285
0.552818
0.552753
0.552712
0.552687
0.552663
0.552626
0.552612
0.552574
0.552554
0.552552
0.552513
0.552458
0.552412
0.552422
0.552435
0.552409
0.552398
0.552351
0.552283
0.552328
0.552283
0.552236
0.552217
0.552218
0.552213
0.5522
0.552197
0.552191
0.55216
0.552187
0.552209
0.552258
0.552292
0.552303
0.552337
0.552375
0.552342
0.552282
0.552287
0.5523
0.552357
0.552351
0.552373
0.552394
0.552424
0.552437
0.552419
0.552402
0.55245
0.552443
0.552411
0.552381
0.552391
0.552392
0.552366
0.552348
0.552337
0.55237
0.552394
0.55238
0.5524
0.552412
0.552405
0.552402
0.552433
0.552403
0.55242
0.552384
0.552394
0.552445
0.552452
0.55246
0.55251
0.552492
0.552484
0.552437
0.552441
0.552455
0.552507
0.552493
0.552489
0.552472
0.552458
0.552394
0.55242
0.552442
0.552418
0.552436
0.552425
0.552462
0.55242
0.552444
0.552404
0.552484
0.552461
0.552444
0.552407
0.552424
0.552422
0.552411
0.552428
0.552417
0.552451
0.552432
0.552442
0.552422
0.552407
0.55242
0.552399
0.55245
0.552447
0.552436
0.552418
0.552392
0.552374
0.552381
0.552377
0.552379
0.552398
0.552401
0.552376
0.552389
0.552372
0.552407
0.552396
0.552416
0.552378
0.55239
0.552393
0.552324
0.552275
0.552287
0.552289
0.552276
0.55232
0.552298
0.552276
0.552264
0.55225
0.552295
0.552276
0.552307
0.552293
0.55231
0.552313
0.552301
0.552252
0.552269
0.55225
0.552251
0.552261
0.552242
0.552261
0.552266
0.552252
0.552275
0.552222
0.552198
0.552198
0.552114
0.552143
0.552165
0.55216
0.55213
0.55214
0.5521
0.552112
0.552098
0.552087
0.552088
0.552137
0.552128
0.552086
0.55208
0.552118
0.5521
0.552042
0.552057
0.552046
0.552055
0.55204
0.552037
0.552025
0.552026
0.551963
0.551972
0.551998
0.551965
0.551962
0.551943
0.551966
0.551983
0.551954
0.551944
0.551943
0.551918
0.551946
0.551928
0.551923
0.551873
0.551918
0.55189
0.551954
0.551966
0.551934
0.551885
0.551901
0.551909
0.551967
0.55194
0.552001
0.55201
0.551996
0.552001
0.552009
0.552
0.552038
0.55204
0.552047
0.552011
0.551997
0.552002
0.552031
0.552048
0.552055
0.55208
0.552108
0.552072
0.552071
0.552083
0.552046
0.55205
0.552043
0.552026
0.551982
0.551978
0.551996
0.551985
0.552
0.55197
0.551943
0.551938
0.551963
0.551976
0.551989
0.552004
0.552013
0.552037
0.552066
0.552062
0.552074
0.552039
0.552036
0.552043
0.552056
0.552073
0.552079
0.552068
0.552058
0.552052
0.552053
0.552072
0.552092
0.55207
0.552086
0.55207
0.552009
0.552008
0.552027
0.552057
0.55207
0.552089
0.55211
0.552142
0.552144
0.552116
0.552119
0.552077
0.552063
0.552062
0.552103
0.55213
0.552193
0.552165
0.552136
0.552119
0.552143
0.552106
0.55207
0.552063
0.552034
0.552044
0.552001
0.552016
0.552057
0.552049
0.552025
0.552028
0.55202
0.552028
0.552032
0.55202
0.552033
0.552081
0.552066
0.552053
0.552054
0.552087
0.552033
0.552027
0.552014
0.55201
0.551971
0.551957
0.551944
0.55195
0.551961
0.55199
0.551967
0.551992
0.551983
0.552016
0.551998
0.551991
0.552015
0.552018
0.552002
0.552039
0.552039
0.552076
0.552081
0.552094
0.552072
0.552079
0.55209
0.552116
0.552111
0.552076
0.552137
0.55214
0.552118
0.552139
0.552162
0.552179
0.552202
0.552235
0.552237
0.552269
0.552273
0.552261
0.552253
0.552279
0.552247
0.55222
0.552261
0.552278
0.552296
0.552309
0.552292
0.552272
0.552263
0.552219
0.552255
0.552247
0.552259
0.552261
0.552256
0.552292
0.552268
0.552287
0.552242
0.552213
0.552227
0.552199
0.552164
0.552173
0.552174
0.552161
0.552146
0.552151
0.552135
0.552099
0.552092
0.552025
0.552049
0.552071
0.55209
0.552122
0.552157
0.552184
0.552163
0.552173
0.552152
0.552154
0.552166
0.552172
0.552155
0.552139
0.552145
0.552138
0.552118
0.552152
0.552139
0.55215
0.552115
0.552132
0.552134
0.552118
0.552097
0.552106
0.552082
0.552055
0.55206
0.552069
0.552068
0.552094
0.552113
0.552084
0.552084
0.552104
0.552107
0.552105
0.552086
0.552105
0.552114
0.55208
0.5521
0.5521
0.552072
0.552079
0.552081
0.552079
0.552096
0.552094
0.552101
0.552099
0.552141
0.552086
0.552073
0.55207
0.552029
0.552068
0.552063
0.552031
0.552042
0.55203
0.552025
0.552025
0.552015
0.552002
0.552031
0.552003
0.552035
0.552012
0.551971
0.551959
0.551979
0.552014
0.551999
0.551963
0.552007
0.551999
0.552016
0.55204
0.552029
0.55206
0.552048
0.552038
0.552018
0.552002
0.552022
0.552048
0.552047
0.552034
0.551978
0.551992
0.551954
0.551944
0.551924
0.551899
0.551885
0.551888
0.551863
0.551874
0.551877
0.55188
0.551886
0.551897
0.551891
0.551872
0.551861
0.551897
0.551896
0.551899
0.551919
0.55192
0.551922
0.551899
0.551906
0.551943
0.551937
0.551905
0.551918
0.551924
0.551916
0.551931
0.551958
0.551966
0.551986
0.552031
0.552053
0.552048
0.551991
0.551976
0.551987
0.551974
0.551964
0.551977
0.551969
0.551996
0.552016
0.552023
0.551993
0.552006
0.552002
0.552017
0.552025
0.552037
0.552052
0.552058
0.552084
0.552081
0.5521
0.552111
0.552103
0.552149
0.552165
0.55216
0.552156
0.55212
0.552085
0.552063
0.55209
0.552061
0.552051
0.552059
0.552024
0.55198
0.552005
0.551972
0.55199
0.552001
0.552019
0.552028
0.552038
0.552073
0.552074
0.552115
0.552131
0.55211
0.552134
0.552123
0.552123
0.552114
0.552081
0.552067
0.552083
0.55204
0.552032
0.552029
0.552052
0.552078
0.552075
0.552109
0.552107
0.552128
0.552125
0.552194
0.552208
0.552254
0.552285
0.552298
0.552282
0.552278
0.55232
0.552295
0.552285
0.552292
0.552307
0.552287
0.552282
0.552313
0.552299
0.552307
0.55236
0.552367
0.552379
0.552361
0.552394
0.552385
0.552394
0.552413
0.552434
0.552445
0.552415
0.552441
0.552423
0.552419
0.552432
0.552457
0.552427
0.552436
0.552428
0.552444
0.552489
0.552488
0.55245
0.552465
0.552444
0.552431
0.552439
0.552454
0.552486
0.552469
0.552488
0.552465
0.55244
0.552469
0.552443
0.552429
0.552434
0.552419
0.552425
0.5524
0.552364
0.552341
0.552369
0.55233
0.552343
0.552354
0.55233
0.552372
0.552351
0.552365
0.552345
0.552326
0.55234
0.552349
0.552328
0.552355
0.552356
0.552371
0.552376
0.552387
0.552386
0.552389
0.552378
0.552408
0.552372
0.552366
0.552376
