0.845455
0.829241
0.826183
0.825537
0.820513
0.819282
0.817584
0.815826
0.816196
0.81551
0.801126
0.786765
0.779796
0.772198
0.765421
0.75698
0.748673
0.744561
0.741517
0.738276
0.730254
0.72185
0.714436
0.706901
0.700564
0.696182
0.69114
0.685139
0.681084
0.675866
0.668626
0.662206
0.656637
0.651494
0.645046
0.640273
0.635321
0.632088
0.627358
0.623334
0.618226
0.613438
0.608185
0.603357
0.598794
0.594438
0.590485
0.587822
0.5831
0.57839
0.574113
0.569844
0.566738
0.563199
0.559854
0.556995
0.554435
0.551848
0.549305
0.546641
0.544261
0.54157
0.539803
0.537539
0.535713
0.533405
0.531302
0.528995
0.526445
0.524278
0.523446
0.521947
0.520604
0.518914
0.518498
0.517095
0.51645
0.515665
0.514617
0.514005
0.514336
0.514387
0.514186
0.513974
0.514424
0.514313
0.514477
0.514774
0.514541
0.514786
0.516341
0.517083
0.518221
0.519304
0.520392
0.521325
0.522374
0.523582
0.524866
0.525914
0.527021
0.527985
0.529193
0.530301
0.531229
0.532145
0.533029
0.53387
0.534738
0.535524
0.536229
0.537247
0.538751
0.539542
0.540567
0.541667
0.542719
0.543828
0.544365
0.54498
0.545569
0.546194
0.547374
0.548201
0.548616
0.54926
0.549835
0.550522
0.551223
0.551788
0.552528
0.553535
0.554372
0.554696
0.555193
0.556093
0.556678
0.55727
0.557816
0.558062
0.558662
0.559667
0.560532
0.561182
0.561803
0.562282
0.562921
0.563243
0.563828
0.564431
0.564843
0.565375
0.565953
0.566521
0.567208
0.567648
0.567924
0.568267
0.568798
0.569302
0.569439
0.569867
0.570402
0.570795
0.571276
0.571797
0.572127
0.572594
0.572915
0.573599
0.574148
0.574562
0.57468
0.575188
0.575299
0.575563
0.575855
0.576086
0.57632
0.576675
0.57726
0.577751
0.578123
0.578467
0.578696
0.579252
0.579494
0.579867
0.580302
0.580603
0.580998
0.58105
0.581346
0.581564
0.581916
0.582106
0.582238
0.582596
0.583049
0.583382
0.58366
0.583726
0.583849
0.584034
0.584094
0.58412
0.58438
0.584763
0.585188
0.585452
0.585655
0.586097
0.586285
0.586586
0.586707
0.586825
0.587203
0.587397
0.587616
0.587794
0.588017
0.588006
0.58818
0.588559
0.588635
0.588871
0.588919
0.589025
0.589353
0.589424
0.589636
0.589805
0.589925
0.590018
0.590404
0.590543
0.590614
0.590813
0.591017
0.591332
0.591243
0.591524
0.591698
0.591756
0.591855
0.592089
0.592102
0.59223
0.592347
0.592547
0.592719
0.592854
0.592757
0.592814
0.59282
0.592839
0.592897
0.593012
0.593108
0.59311
0.593316
0.593437
0.593679
0.593729
0.593843
0.594017
0.594304
0.594519
0.594741
0.594857
0.595054
0.595292
0.595354
0.595415
0.595583
0.595826
0.595752
0.595754
0.595925
0.596206
0.596616
0.596721
0.596809
0.596931
0.597205
0.597324
0.5973
0.597358
0.597257
0.597375
0.597362
0.597578
0.597626
0.597839
0.597909
0.597932
0.597911
0.598153
0.59814
0.598228
0.598216
0.598323
0.598373
0.59847
0.598623
0.598737
0.598921
0.598941
0.599043
0.599169
0.599159
0.599261
0.599399
0.599456
0.599585
0.599572
0.599597
0.599803
0.599803
0.59999
0.60015
0.600129
0.600244
0.600494
0.600442
0.600552
0.600671
0.600844
0.600909
0.60096
0.600986
0.601091
0.601208
0.601307
0.601367
0.601436
0.601405
0.601347
0.601366
0.60134
0.601451
0.601482
0.601579
0.601676
0.601738
0.601802
0.602022
0.602104
0.602098
0.602264
0.602273
0.602425
0.602546
0.602598
0.60264
0.602802
0.602911
0.60292
0.603031
0.603048
0.603045
0.603206
0.603374
0.603514
0.603625
0.603625
0.603694
0.603741
0.603882
0.60393
0.603977
0.60406
0.604155
0.604167
0.604272
0.604291
0.604348
0.604336
0.604384
0.604548
0.60457
0.604527
0.604618
0.604685
0.604727
0.604742
0.60484
0.604966
0.60499
0.605038
0.605098
0.605049
0.605089
0.605141
0.605321
0.605287
0.605352
0.605464
0.605555
0.605718
0.60589
0.606064
0.60612
0.606154
0.606354
0.606465
0.606531
0.606607
0.606746
0.606808
0.606875
0.606985
0.607143
0.607333
0.607392
0.607497
0.607614
0.607732
0.607892
0.608071
0.60808
0.608211
0.608354
0.608386
0.608411
0.608411
0.60851
0.608566
0.608672
0.608735
0.608751
0.608814
0.608872
0.608997
0.609045
0.609081
0.609102
0.609176
0.609206
0.609161
0.609195
0.609258
0.609341
0.609391
0.609475
0.609537
0.609588
0.609621
0.609636
0.60964
0.609593
0.60972
0.609744
0.609854
0.609902
0.609934
0.610048
0.610095
0.610142
0.610173
0.610256
0.6103
0.610394
0.610515
0.610639
0.610759
0.610715
0.610786
0.610854
0.610983
0.610981
0.611089
0.611201
0.611224
0.6113
0.611295
0.611389
0.611374
0.611401
0.611421
0.611408
0.611422
0.611406
0.611447
0.611514
0.611574
0.611562
0.611696
0.611688
0.611713
0.61181
0.611873
0.61193
0.612032
0.612122
0.612133
0.612195
0.612231
0.612282
0.612357
0.612411
0.612416
0.612481
0.612524
0.612607
0.612639
0.612742
0.612839
0.612937
0.612984
0.61308
0.613143
0.613231
0.613229
0.613289
0.613341
0.613439
0.613467
0.613488
0.613583
0.613579
0.613722
0.613757
0.613846
0.613913
0.613922
0.613949
0.61404
0.614064
0.614076
0.614163
0.614199
0.614282
0.614327
0.614363
0.614504
0.614593
0.614585
0.614605
0.61466
0.614707
0.614655
0.614708
0.61472
0.614786
0.614744
0.614787
0.61487
0.614939
0.6149
0.614951
0.615077
0.61517
0.61521
0.615254
0.615328
0.61547
0.615513
0.615576
0.615617
0.615637
0.615715
0.615786
0.615769
0.615829
0.615908
0.615924
0.615971
0.61606
0.616089
0.61614
0.616098
0.616197
0.616217
0.616217
0.616202
0.616251
0.6163
0.616354
0.61642
0.616498
0.616573
0.616548
0.616574
0.616677
0.616675
0.616685
0.616795
0.61684
0.616882
0.616897
0.616976
0.617011
0.617003
0.617046
0.617136
0.617124
0.617111
0.617176
0.617206
0.617243
0.617307
0.617321
0.617295
0.617312
0.617362
0.617372
0.617453
0.617476
0.617575
0.6176
0.617615
0.617605
0.617679
0.617602
0.617611
0.617649
0.617705
0.617772
0.617824
0.617753
0.617764
0.617763
0.617765
0.617814
0.617825
0.617849
0.61789
0.617901
0.617918
0.617885
0.617917
0.617848
0.617863
0.617864
0.61792
0.617952
0.617935
0.617965
0.617983
0.618039
0.618048
0.61801
0.618042
0.617976
0.618011
0.618013
0.618056
0.618135
0.618199
0.618278
0.618294
0.618288
0.618349
0.618332
0.61834
0.618297
0.618303
0.61833
0.618339
0.618338
0.618344
0.618338
0.618366
0.61841
0.618478
0.618461
0.618552
0.618591
0.618595
0.61863
0.618663
0.618714
0.618745
0.618708
0.618731
0.618766
0.618787
0.618803
0.618794
0.61881
0.618852
0.618869
0.618909
0.618984
0.619007
0.619033
0.619085
0.619159
0.619165
0.619148
0.619173
0.619193
0.619256
0.619298
0.619258
0.619238
0.61924
0.6193
0.619336
0.619399
0.619457
0.61954
0.61961
0.619592
0.619638
0.619693
0.619712
0.619684
0.619659
0.619652
0.619682
0.619701
0.619728
0.619799
0.619783
0.619815
0.619827
0.619804
0.619789
0.619795
0.619828
0.619852
0.619858
0.619859
0.619887
0.619872
0.619837
0.619848
0.619866
0.619848
0.6199
0.619873
0.619922
0.619899
0.619927
0.619914
0.619946
0.619944
0.620005
0.619977
0.620014
0.62001
0.62002
0.620033
0.62006
0.620124
0.620069
0.620058
0.620106
0.620098
0.620138
0.620142
0.62022
0.620274
0.620247
0.620226
0.620263
0.620281
0.620304
0.620298
0.6203
0.620309
0.620352
0.620366
0.620374
0.6204
0.620352
0.620349
0.620382
0.620462
0.620487
0.620483
0.620496
0.620501
0.620498
0.620547
0.620563
0.6206
0.620636
0.620656
0.620621
0.62062
0.620596
0.620619
0.620624
0.620674
0.620696
0.620682
0.620703
0.620692
0.620686
0.620708
0.620762
0.620762
0.620805
0.620772
0.620782
0.620793
0.620806
0.620828
0.620864
0.620845
0.620899
0.620938
0.62091
0.620942
0.620939
0.620967
0.620972
0.621014
0.621049
0.621045
0.620987
0.621063
0.621125
0.621107
0.621113
0.621135
0.621123
0.621137
0.62114
0.621162
0.62113
0.621139
0.621166
0.621221
0.621262
0.621289
0.621309
0.621334
0.621427
0.621505
0.621516
0.621471
0.6215
0.621552
0.621594
0.621551
0.621542
0.621571
0.621613
0.621635
0.621667
0.621721
0.621733
0.621777
0.621869
0.621913
0.621933
0.621964
0.622055
0.622054
0.622055
0.622073
0.622087
0.622084
0.622097
0.622088
0.622053
0.622054
0.622057
0.622088
0.622135
0.622162
0.622172
0.62222
0.622262
0.622294
0.622337
0.622335
0.622356
0.622381
0.622436
0.622506
0.622533
0.622581
0.62257
0.62261
0.622598
0.622641
0.622677
0.622721
0.622739
0.622791
0.622865
0.622871
0.622908
0.622937
0.622982
0.622978
0.623001
0.623033
0.623034
0.623026
0.623077
0.623117
0.623139
0.623145
0.623195
0.623206
0.623259
0.623287
0.623299
0.623325
0.623315
0.623348
0.62338
0.623429
0.623466
0.623441
0.623452
0.623502
0.623527
0.623526
0.623534
0.623611
0.623644
0.62366
0.623693
0.623702
0.623738
0.623749
0.623778
0.623783
0.623784
0.623827
0.623849
0.62388
0.62392
0.623946
0.623943
0.62398
0.623982
0.623996
0.624028
0.624054
0.624098
0.624124
0.624149
0.624116
0.62411
0.624113
0.624154
0.624169
0.624163
0.624178
0.624215
0.624277
0.624287
0.624279
0.624275
0.624299
0.624331
0.624359
0.624416
0.624443
0.624465
0.624473
0.62452
0.624578
0.624581
0.624593
0.624631
0.624747
0.624751
0.624731
0.624794
0.624793
0.624811
0.624838
0.624833
0.624802
0.62479
0.624806
0.624851
0.624874
0.624891
0.624879
0.62493
0.624966
0.62498
0.624959
0.62495
0.624947
0.624999
0.624931
0.624933
0.624969
0.624963
0.624956
0.624949
0.62494
0.624946
0.624993
0.624984
0.624983
0.624985
0.62499
0.624993
0.625017
0.625047
0.62506
0.625087
0.625131
0.625153
0.625164
0.62519
0.625167
0.625189
0.62523
0.625236
0.62526
0.625325
0.625347
0.625351
0.625352
0.62537
0.625413
0.625462
0.625508
0.62553
0.625537
0.625559
0.625595
0.62561
0.625602
0.625637
0.625657
0.625647
0.625638
0.625669
0.625669
0.625694
0.625732
0.625746
0.625777
0.625818
0.625853
0.625878
0.625857
0.625834
0.625841
0.625861
0.625885
0.625907
0.625884
0.625882
0.625915
0.625919
0.625894
0.625901
0.625917
0.625926
0.625946
0.62597
0.625953
0.625976
0.625986
0.625994
0.625981
0.626001
0.626007
0.626019
0.626059
0.626058
0.626063
0.626076
0.626066
0.626045
0.626041
0.626062
0.626067
0.626075
0.62608
0.626122
0.62603
0.626066
0.626057
0.626109
0.626125
0.626177
0.626196
0.626208
0.626234
0.626231
0.626229
0.626243
0.626257
0.626275
0.626314
0.62631
0.626261
0.626244
0.626264
0.626276
0.626276
0.626333
0.626339
0.626371
0.626384
0.626366
0.626384
0.626367
0.626346
0.626368
0.626371
0.626332
0.626333
0.626306
0.6263
0.626301
0.626305
0.626296
0.626309
0.626324
0.626338
0.6263
0.626297
0.626314
0.626282
0.62627
0.626291
0.626299
0.626298
0.626301
0.626275
0.626255
0.626261
0.626303
0.626323
0.626307
0.62632
0.626317
0.62629
0.626268
0.626294
0.62632
0.626338
0.626374
0.626355
0.626337
0.626356
0.626313
0.626316
0.626293
0.626349
0.626376
0.626369
0.626415
0.6264
0.626403
0.626421
0.626399
0.626416
0.626415
0.626381
0.626429
0.626424
0.626443
0.62644
0.626504
0.626513
0.626495
0.626496
0.626481
0.626484
0.6265
0.626477
0.626461
0.626468
0.626481
0.626464
0.626446
0.626461
0.626446
0.626443
0.626472
0.626476
0.626473
0.626478
0.626471
0.626501
0.626507
0.626482
0.626454
0.626466
0.626484
0.62651
0.62649
0.626481
0.626462
0.62646
0.626474
0.626466
0.626495
0.626508
0.626508
0.626481
0.62647
0.626515
0.626514
0.626532
0.626564
0.626554
0.626586
0.626566
0.626561
0.626563
0.62654
0.626554
0.626564
0.626558
0.626557
0.626574
0.626563
0.626547
0.626543
0.62657
0.626571
0.626571
0.626578
0.626593
0.626623
0.626626
0.626647
0.626656
0.626661
0.62669
0.626692
0.62671
0.626727
0.626758
0.626751
0.626747
0.626772
0.626759
0.626791
0.626766
0.62682
0.626796
0.62679
0.626829
0.626798
0.626806
0.626792
0.626797
0.62679
0.626797
0.626809
0.626834
0.626828
0.626842
0.626855
0.626849
0.626839
0.626878
0.626879
0.626881
0.626906
0.626937
0.626968
0.626981
0.626996
0.627008
0.627037
0.627044
0.627059
0.62705
0.627046
0.627079
0.627079
0.627105
0.627077
0.627105
0.627115
0.627135
0.627164
0.627164
0.627188
0.627181
0.627148
0.627156
0.627173
0.627184
0.627204
0.627214
0.627221
0.627246
0.627238
0.627272
0.627266
0.627264
0.627243
0.627257
0.627255
0.627257
0.627254
0.627268
0.627258
0.627264
0.627276
0.627293
0.627323
0.627319
0.627308
0.627323
0.627301
0.627306
0.62731
0.627333
0.627361
0.627337
0.627328
0.627319
0.627321
0.627328
0.62731
0.627308
0.627318
0.627313
0.627306
0.627317
0.627304
0.627309
0.627332
0.627338
0.627333
0.627323
0.627342
0.627341
0.62734
0.627343
0.627355
0.627374
0.627397
0.627405
0.627389
0.627409
0.627458
0.627469
0.627494
0.62749
0.627499
0.627519
0.627541
0.627564
0.627591
0.62763
0.627611
0.627611
0.62762
0.627645
0.627653
0.627659
0.627693
0.627681
0.627688
0.627665
0.627663
0.627676
0.627664
0.627708
0.627689
0.627709
0.627704
0.627689
0.627683
0.627655
0.627631
0.627611
0.627631
0.627642
0.627621
0.627617
0.627629
0.627645
0.627665
0.627645
0.62765
0.627683
0.627676
0.627709
0.627726
0.627745
0.62771
0.627687
0.627709
0.627702
0.627709
0.627733
0.627752
0.627779
0.627769
0.627743
0.627724
0.627731
0.627741
0.627758
0.62776
0.62775
0.627756
0.627803
0.627791
0.627783
0.627783
0.627793
0.627805
0.627767
0.62777
0.627776
0.627778
0.627807
0.627806
0.627807
0.627814
0.627817
0.627837
0.627849
0.627869
0.627897
0.627901
0.627929
0.627936
0.627922
0.627926
0.627922
0.627962
0.627998
0.627991
0.627979
0.627962
0.627965
0.627972
0.627995
0.627988
0.627975
0.627978
0.628012
0.628036
0.628043
0.628066
0.628089
0.628097
0.6281
0.628095
0.628086
0.628071
0.628079
0.628099
0.62809
0.62808
0.628071
0.628076
0.628095
0.628074
0.62809
0.628051
0.628072
0.628065
0.628037
0.628038
0.628045
0.628051
0.628048
0.628072
0.628093
0.628112
0.628124
0.628121
0.628135
0.62814
0.628149
0.628178
0.628187
0.628225
0.628259
0.628264
0.62826
0.628257
0.628243
0.628234
0.628224
0.628216
0.628234
0.628266
0.628276
0.628251
0.628242
0.628233
0.628253
0.628242
0.628246
0.628269
0.628282
0.628305
0.628314
0.628329
0.628325
0.628314
0.628327
0.628359
0.628363
0.628385
0.628414
0.628422
0.628458
0.628484
0.628498
0.628488
0.628461
0.628437
0.628454
0.628456
0.628454
0.628444
0.628451
0.62845
0.628439
0.628444
0.628448
0.628454
0.628447
0.628455
0.628458
0.628468
0.628484
0.628504
0.628506
0.62851
0.628526
0.62851
0.628532
0.628549
0.628542
0.62855
0.62856
0.628565
0.628555
0.628539
0.628541
0.628536
0.628563
0.628566
0.628601
0.628607
0.628601
0.628599
0.628605
0.62861
0.628617
0.628612
0.628637
0.628625
0.628623
0.628619
0.628604
0.628593
0.628585
0.6286
0.628613
0.628617
0.628601
0.628602
0.628603
0.628619
0.628637
0.628649
0.628659
0.628672
0.628666
0.628668
0.628687
0.628687
0.628702
0.628712
0.628749
0.628745
0.628768
0.628751
0.628724
0.628708
0.628713
0.628712
0.62872
0.628733
0.628733
0.628721
0.628731
0.628711
0.628714
0.628717
0.6287
0.628687
0.628691
0.6287
0.628708
0.628704
0.628695
0.628709
0.628693
0.62869
0.628683
0.628672
0.628701
0.628676
0.628661
0.628686
0.628669
0.628677
0.628674
0.628668
0.628637
0.62866
0.628663
0.628677
0.628699
0.628685
0.628694
0.628713
0.628731
0.628738
0.628716
0.628718
0.628684
0.62867
0.628655
0.628654
0.628678
0.628679
0.628698
0.628712
0.628701
0.628714
0.628703
0.628685
0.628679
0.628664
0.628655
0.62867
0.628666
0.628699
0.628705
0.628728
0.628731
0.628752
0.628778
0.628806
0.628808
0.628811
0.628804
0.62881
0.628831
0.628824
0.628826
0.628838
0.628874
0.628881
0.628892
0.628896
0.628897
0.628907
0.628906
0.628936
0.628936
0.628951
0.628954
0.628952
0.628972
0.628982
0.628994
0.629001
0.629029
0.629039
0.629064
0.629093
0.629101
0.629115
0.62914
0.629139
0.629161
0.629186
0.629205
0.629185
0.629181
0.629193
0.629212
0.629219
0.62921
0.629211
0.629219
0.629205
0.629185
0.629175
0.629169
0.62916
0.629175
0.629177
0.629173
0.629166
0.629183
0.629215
0.629251
0.629257
0.629288
0.62929
0.629312
0.629326
0.629323
0.629319
0.629335
0.629363
0.629378
0.629369
0.629369
0.629379
0.629404
0.629415
0.629408
0.629442
0.629455
0.629473
0.629495
0.629507
0.629504
0.629514
0.629503
0.629506
0.629517
0.629519
0.629563
0.629575
0.629595
0.629612
0.629635
0.629634
0.62961
0.629595
0.62958
0.629587
0.629596
0.629586
0.629592
0.629592
0.629596
0.629606
0.629602
0.6296
0.629612
0.629584
0.629586
0.629585
0.629596
0.629597
0.629599
0.6296
0.62961
0.629609
0.629616
0.629666
0.629686
0.629704
0.629712
0.629721
0.629768
0.629771
0.629757
0.629749
0.629757
0.629747
0.629741
0.629725
0.629725
0.629745
0.62976
0.629778
0.629771
0.629765
0.62977
0.629755
0.62976
0.629758
0.629772
0.629782
0.629791
0.629794
0.629794
0.62982
0.629834
0.629851
0.629872
0.629891
0.629906
0.629897
0.6299
0.629916
0.629903
0.629914
0.629919
0.629914
0.629914
0.629919
0.629926
0.629918
0.629905
0.629911
0.629929
0.629936
0.629948
0.629956
0.629972
0.629979
0.629976
0.629979
0.629997
0.629991
0.629992
0.630004
0.630009
0.630034
0.630028
0.630011
0.63003
0.630056
0.630068
0.630077
0.630085
0.630106
0.630088
0.630071
0.630076
0.630076
0.630077
0.630088
0.630099
0.63011
0.630128
0.630107
0.630091
0.630096
0.630079
0.630089
0.630092
0.630105
0.630112
0.630122
0.630131
0.630119
0.63012
0.630118
0.63013
0.630126
0.630119
0.630127
0.63011
0.630116
0.630101
0.630105
0.630112
0.630099
0.630078
0.630062
0.630063
0.630056
0.630047
0.630061
0.630071
0.630086
0.630075
0.630093
0.630098
0.630096
0.630094
0.630079
0.630084
0.63007
0.630071
0.630061
0.630059
0.630041
0.630025
0.630024
0.630015
0.630032
0.630043
0.630054
0.630057
0.630043
0.630056
0.630051
0.630062
0.630052
0.630061
0.630042
0.630042
0.630059
0.630068
0.630058
0.630053
0.630072
0.630064
0.630047
0.630044
0.630033
0.630026
0.630016
0.63002
0.630014
0.630013
0.630015
0.630036
0.630023
0.630029
0.630013
0.630009
0.629992
0.629973
0.629978
0.629987
0.630012
0.629992
0.629992
0.629997
0.629975
0.629974
0.629967
0.629951
0.629942
0.629948
0.629955
0.629957
0.629948
0.629936
0.629943
0.629939
0.629937
0.629921
0.629945
0.629945
0.629956
0.629958
0.629961
0.629951
0.629953
0.629932
0.629938
0.629948
0.629941
0.629945
0.629936
0.629938
0.629934
0.629924
0.629924
0.629946
0.629957
0.629953
0.629936
0.629945
0.629932
0.629944
0.629947
0.629933
0.629923
0.629924
