0.433692
0.448211
0.47625
0.491787
0.512044
0.51969
0.527559
0.527805
0.529255
0.525703
0.529211
0.527378
0.526767
0.527249
0.530355
0.530883
0.532198
0.532177
0.532705
0.531429
0.532032
0.531719
0.532194
0.532683
0.531863
0.531049
0.530429
0.531427
0.532782
0.53254
0.534845
0.533966
0.53312
0.534204
0.534758
0.536573
0.536779
0.536694
0.537279
0.536593
0.53664
0.536168
0.53527
0.536452
0.538324
0.537847
0.53792
0.53682
0.535925
0.534984
0.534858
0.533879
0.533893
0.533594
0.535698
0.534988
0.534863
0.534477
0.533992
0.533882
0.533874
0.534103
0.534217
0.533061
0.532823
0.532353
0.532138
0.53238
0.531921
0.532358
0.532818
0.533542
0.534089
0.534301
0.533198
0.532867
0.533016
0.53424
0.532985
0.532101
0.531446
0.531515
0.531557
0.531437
0.531082
0.53076
0.530156
0.530643
0.530665
0.530806
0.53076
0.531305
0.531481
0.530492
0.529763
0.530505
0.53077
0.531235
0.531194
0.530687
0.531298
0.530787
0.531161
0.531359
0.531535
0.532468
0.53277
0.532244
0.532383
0.531862
0.532118
0.531948
0.531828
0.532236
0.531624
0.5319
0.531924
0.532067
0.532476
0.532598
0.532997
0.533398
0.53348
0.533091
0.533363
0.532969
0.53273
0.532122
0.531277
0.531362
0.531313
0.531702
0.532042
0.532392
0.532271
0.531959
0.531978
0.531794
0.531741
0.531679
0.53114
0.531187
0.531172
0.531102
0.530565
0.530223
0.530125
0.530016
0.530057
0.529964
0.530145
0.5303
0.530412
0.530325
0.530043
0.529712
0.529819
0.529882
0.529976
0.530094
0.53027
0.529701
0.529702
0.52963
0.529694
0.529938
0.529285
0.529266
0.52899
0.528851
0.52947
0.529705
0.529744
0.529775
0.529676
0.529135
0.529148
0.529122
0.529375
0.529257
0.52911
0.52919
0.529339
0.529287
0.529428
0.529421
0.529751
0.529361
0.529167
0.529016
0.528968
0.528886
0.528964
0.529186
0.528983
0.529115
0.529518
0.529173
0.529225
0.529723
0.529597
0.529561
0.52982
0.530126
0.529906
0.530077
0.530045
0.530258
0.530261
0.530115
0.530297
0.53068
0.53056
0.530742
0.530954
0.531239
0.531034
0.531189
0.531112
0.531257
0.531475
0.531552
0.531344
0.531421
0.531493
0.531464
0.531447
0.531405
0.531315
0.531187
0.531072
0.531116
0.531074
0.5313
0.530936
0.53082
0.530869
0.531005
0.531171
0.531443
0.531507
0.531437
0.531273
0.531315
0.531287
0.531082
0.530922
0.530547
0.530671
0.530678
0.530843
0.530907
0.530799
0.530903
0.531186
0.531691
0.531771
0.531929
0.532073
0.532047
0.532114
0.532245
0.532285
0.532236
0.53206
0.532181
0.532386
0.532464
0.532439
0.532385
0.532247
0.532206
0.532235
0.532127
0.531896
0.532
0.531969
0.53204
0.532012
0.531975
0.531985
0.532013
0.532068
0.532136
0.532071
0.531997
0.532044
0.53202
0.532087
0.53218
0.532151
0.531913
0.531875
0.532071
0.532049
0.532024
0.531987
0.532182
0.532078
0.532093
0.532163
0.531971
0.531911
0.5321
0.532383
0.532109
0.532117
0.532093
0.531943
0.531896
0.53208
0.5321
0.53232
0.532456
0.532267
0.532285
0.532265
0.532285
0.532272
0.532024
0.531854
0.531805
0.531467
0.531555
0.531727
0.531646
0.53151
0.531664
0.531706
0.531847
0.531625
0.53181
0.532137
0.532386
0.532436
0.532376
0.532262
0.532218
0.532072
0.532077
0.532071
0.532072
0.532175
0.532097
0.53221
0.532326
0.532175
0.532308
0.532221
0.53219
0.532295
0.532271
0.532283
0.532024
0.532208
0.532073
0.532094
0.531947
0.531961
0.53185
0.531965
0.531795
0.531688
0.531662
0.531563
0.531528
0.531611
0.531668
0.531849
0.531906
0.5316
0.531589
0.531254
0.531365
0.531255
0.53119
0.531178
0.531341
0.531494
0.53155
0.531562
0.53159
0.531549
0.531453
0.531503
0.531323
0.531076
0.530987
0.530931
0.530935
0.531082
0.530971
0.530891
0.530989
0.530978
0.530834
0.530769
0.530674
0.530807
0.530785
0.530815
0.530712
0.530599
0.530589
0.530634
0.530616
0.530594
0.530726
0.530798
0.530857
0.53087
0.530814
0.530674
0.530855
0.530899
0.530969
0.530822
0.530782
0.530797
0.530733
0.530773
0.530858
0.530938
0.530946
0.531153
0.531289
0.531424
0.531355
0.531291
0.531304
0.531388
0.53157
0.531657
0.531796
0.531707
0.53169
0.531519
0.53146
0.531353
0.531272
0.53138
0.53135
0.531355
0.531482
0.531341
0.531322
0.531338
0.531392
0.531378
0.531415
0.531496
0.531581
0.531805
0.531669
0.531652
0.531687
0.531753
0.531645
0.531567
0.531651
0.531554
0.531688
0.531838
0.53185
0.531726
0.531867
0.532075
0.532147
0.532153
0.53211
0.532055
0.532181
0.532356
0.532427
0.532573
0.532715
0.532633
0.532516
0.532677
0.532717
0.532822
0.532689
0.532671
0.53268
0.532717
0.532734
0.532719
0.532831
0.532942
0.532927
0.53289
0.532877
0.532833
0.532871
0.532806
0.532901
0.532999
0.532807
0.532983
0.532939
0.532833
0.532838
0.532743
0.532792
0.532805
0.532862
0.532914
0.532799
0.532837
0.532843
0.532843
0.532898
0.532879
0.532855
0.532806
0.532906
0.53295
0.53304
0.532978
0.532957
0.532939
0.53313
0.533077
0.533164
0.533273
0.533346
0.533464
0.533283
0.53334
0.533252
0.533353
0.533224
0.533323
0.533275
0.533278
0.533385
0.533498
0.533434
0.533525
0.533565
0.533509
0.533482
0.533551
0.533397
0.533498
0.533566
0.533539
0.533517
0.533409
0.533294
0.533421
0.533441
0.533364
0.533403
0.53339
0.533518
0.533555
0.533552
0.533624
0.533641
0.533759
0.533802
0.533934
0.533837
0.53388
0.53399
0.534083
0.534059
0.534041
0.534004
0.53407
0.534165
0.534103
0.534157
0.533975
0.534048
0.534074
0.533944
0.533845
0.533816
0.533783
0.53373
0.53379
0.533849
0.533869
0.533865
0.53375
0.533659
0.53371
0.533786
0.533815
0.533883
0.533956
0.533949
0.533938
0.534043
0.534023
0.534039
0.534
0.53408
0.534036
0.533998
0.534037
0.534119
0.534106
0.534222
0.534171
0.534127
0.534035
0.534019
0.534007
0.533909
0.533923
0.533941
0.533892
0.533872
0.533777
0.533838
0.533837
0.533914
0.533898
0.53384
0.533879
0.533808
0.533811
0.533768
0.533818
0.533786
0.533839
0.533804
0.533847
0.533771
0.533792
0.533785
0.533747
0.533679
0.533788
0.533796
0.53377
0.533653
0.533619
0.533654
0.533611
0.533621
0.533618
0.533562
0.533601
0.533683
0.533631
0.533698
0.533652
0.533745
0.533803
0.533735
0.53361
0.533532
0.53346
0.533407
0.533389
0.533442
0.533418
0.533366
0.533375
0.533324
0.533355
0.533396
0.533306
0.533326
0.533384
0.533444
0.533405
0.533414
0.533383
0.533347
0.533379
0.533324
0.533285
0.533297
0.533259
0.533393
0.533421
0.53337
0.533384
0.533326
0.533316
0.533407
0.533316
0.533373
0.533516
0.533485
0.533433
0.533321
0.533281
0.533286
0.533315
0.533368
0.533428
0.533476
0.533405
0.533437
0.533419
0.533301
0.53318
0.533255
0.533251
0.533265
0.533245
0.533234
0.533186
0.533205
0.533204
0.533198
0.533091
0.532992
0.532895
0.532958
0.532985
0.53306
0.53311
0.533129
0.533067
0.533024
0.533067
0.533106
0.533167
0.533177
0.533046
0.533139
0.533205
0.533183
0.533212
0.533244
0.533246
0.533284
0.533306
0.533331
0.533371
0.533445
0.533423
0.533344
0.533363
0.533435
0.533472
0.533501
0.533493
0.533483
0.533499
0.533557
0.533711
0.533656
0.53374
0.533763
0.533857
0.533847
0.533897
0.53387
0.533733
0.533741
0.533737
0.533672
0.533673
0.533736
0.533665
0.533781
0.533785
0.533785
0.533831
0.533834
0.533818
0.533796
0.533817
0.533786
0.533789
0.533808
0.533743
0.53373
0.533725
0.533692
0.533728
0.533738
0.533661
0.533737
0.533794
0.533784
0.533783
0.533721
0.533759
0.533701
0.533612
0.533558
0.533616
0.533642
0.533733
0.533686
0.533669
0.533614
0.53354
0.533524
0.53352
0.533385
0.53337
0.533336
0.533318
0.533324
0.533229
0.533261
0.533252
0.533289
0.533261
0.53331
0.533324
0.533336
0.533362
0.53343
0.533362
0.533355
0.533436
0.533412
0.533422
0.533355
0.533407
0.533374
0.533285
0.533246
0.533301
0.533387
0.533343
0.533451
0.533515
0.533457
0.533503
0.533488
0.533437
0.533528
0.533615
0.533641
0.533685
0.533717
0.533697
0.533503
0.533616
0.533573
0.533557
0.533566
0.533611
0.533534
0.533586
0.533573
0.533637
0.533686
0.533732
0.533773
0.533835
0.533935
0.533925
0.53391
0.533821
0.533823
0.533729
0.533722
0.533766
0.533725
0.533754
0.533721
0.533793
0.533699
0.53366
0.533632
0.533636
0.533731
0.533696
0.533677
0.533746
0.533818
0.533851
0.533907
0.533933
0.533877
0.533903
0.533925
0.533951
0.533973
0.534077
0.53407
0.534126
0.534233
0.534303
0.534366
0.534302
0.534277
0.534172
0.53418
0.534147
0.534137
0.534094
0.534058
0.534073
0.534015
0.534062
0.53407
0.534042
0.534079
0.534122
0.534107
0.534112
0.534087
0.534097
0.534153
0.534166
0.534182
0.534227
0.534246
0.534279
0.534293
0.534311
0.53428
0.534268
0.534236
0.534201
0.534236
0.534265
0.534238
0.534196
0.534153
0.534265
0.534245
0.534231
0.534162
0.53421
0.534268
0.534258
0.534259
0.534322
0.534267
0.534263
0.53422
0.534221
0.534242
0.534186
0.534189
0.534098
0.534149
0.534129
0.534115
0.534108
0.534119
0.533961
0.533948
0.533957
0.533933
0.533906
0.533851
0.533785
0.533826
0.533774
0.533775
0.533748
0.533737
0.533676
0.53369
0.533723
0.533799
0.533806
0.533766
0.533752
0.533727
0.533659
0.533632
0.533602
0.533615
0.53361
0.533687
0.533757
0.533757
0.533832
0.533812
0.53381
0.53377
0.533808
0.533819
0.533878
0.533943
0.533907
0.533921
0.533953
0.53399
0.533979
0.533946
0.533938
0.533984
0.533982
0.533919
0.533968
0.533913
0.533926
0.533942
0.533963
0.533946
0.533958
0.533961
0.533922
0.533923
0.533909
0.533876
0.533817
0.533796
0.533802
0.533756
0.533711
0.533763
0.533726
0.533671
0.533618
0.533546
0.533491
0.533553
0.533546
0.533563
0.533522
0.533563
0.533543
0.533512
0.53355
0.533552
0.533562
0.533595
0.533607
0.533647
0.533581
0.533586
0.5336
0.533606
0.533603
0.533641
0.533637
0.533654
0.533714
0.533729
0.533668
0.533744
0.533738
0.533717
0.533683
0.533706
0.533807
0.53384
0.533804
0.533859
0.533798
0.533714
0.533678
0.533649
0.533659
0.533607
0.533622
0.533639
0.533652
0.533636
0.533662
0.533659
0.533727
0.533648
0.53366
0.533664
0.533641
0.533671
0.533654
0.533716
0.533743
0.533694
0.533712
0.533697
0.533717
0.533667
0.533681
0.533706
0.533689
0.533716
0.53367
0.533619
0.533615
0.533603
0.533631
0.533665
0.533709
0.533669
0.533688
0.533657
0.533626
0.533581
0.533617
0.533541
0.533545
0.533538
0.533584
0.533585
0.533529
0.533592
0.533544
0.533588
0.53359
0.533642
0.533647
0.533585
0.533551
0.533616
0.533673
0.53367
0.533703
0.533594
0.533587
0.533635
0.533637
0.533649
0.533621
0.533548
0.533545
0.533588
0.533587
0.533577
0.533623
0.533663
0.53366
0.533636
0.533667
0.533602
0.533642
0.533675
0.533677
0.533632
0.533664
0.533608
0.533595
0.533536
0.533513
0.533565
0.533575
0.53357
0.533543
0.533555
0.533599
0.5336
0.533628
0.533644
0.533723
0.533675
0.533636
0.533699
0.533748
0.533722
0.533727
0.533837
0.533891
0.533863
0.533827
0.533827
0.533765
0.533751
0.533731
0.533763
0.533747
0.533745
0.533765
0.533748
0.533728
0.533736
0.533769
0.533791
0.533759
0.53378
0.533803
0.533825
0.533765
0.533725
0.53374
0.533691
0.533688
0.533701
0.533725
0.533733
0.533765
0.533744
0.533752
0.533686
0.533683
0.533665
0.533687
0.5337
0.533709
0.533721
0.533781
0.533719
0.53379
0.533724
0.533692
0.533673
0.533675
0.533625
0.5336
0.533609
0.533579
0.533609
0.533595
0.533644
0.533642
0.533578
0.533583
0.53354
0.533521
0.533473
0.533505
0.533477
0.533493
0.5335
0.533567
0.533572
0.533567
0.53356
0.533522
0.533477
0.533526
0.533549
0.533576
0.533579
0.533602
0.53365
0.533637
0.533623
0.533667
0.53363
0.533605
0.533632
0.533641
0.533647
0.533666
0.533601
0.533595
0.533584
0.533574
0.533579
0.533604
0.533638
0.533674
0.533694
0.533722
0.533714
0.533749
0.533756
0.533757
0.533763
0.533732
0.53378
0.533753
0.533787
0.533865
0.533853
0.533872
0.533941
0.533961
0.533942
0.533973
0.534021
0.533962
0.53391
0.533882
0.533867
0.533894
0.533855
0.533819
0.533868
0.533824
0.533831
0.533875
0.533854
0.533863
0.533847
0.533885
0.533846
0.533852
0.533817
0.533827
0.533869
0.533881
0.533832
0.533776
0.533766
0.533787
0.533797
0.533846
0.533878
0.533846
0.533866
0.533875
0.53384
0.533834
0.533888
0.533955
0.534012
0.534033
0.53405
0.534071
0.534118
0.534111
0.534094
0.534152
0.534113
0.534109
0.534112
0.534087
0.534091
0.534108
0.534154
0.53416
0.534176
0.534194
0.534225
0.53423
0.534262
0.534245
0.534258
0.534264
0.534285
0.5343
0.534353
0.534334
0.53436
0.534377
0.534401
0.534418
0.534388
0.534418
0.534433
0.534495
0.534527
0.534551
0.534578
0.534557
0.534537
0.534553
0.534565
0.53457
0.534602
0.534563
0.534503
0.53454
0.534544
0.534519
0.53452
0.534526
0.534547
0.534583
0.534548
0.53455
0.534583
0.534613
0.534674
0.534719
0.53472
0.534715
0.534722
0.534753
0.534744
0.534718
0.534708
0.534736
0.534726
0.53474
0.534648
0.534621
0.534626
0.53462
0.534662
0.534692
0.534727
0.534718
0.534711
0.534723
0.534687
0.534619
0.534633
0.534642
0.534663
0.534647
0.534676
0.534656
0.534639
0.534639
0.534653
0.534586
0.534595
0.534614
0.534556
0.534543
0.534498
0.534478
0.534518
0.534547
0.534603
0.534593
0.534609
0.534639
0.534666
0.53464
0.534676
0.534672
0.534678
0.534716
0.534739
0.534762
0.534754
0.534773
0.53474
0.53476
0.534775
0.534779
0.534743
0.534764
0.534768
0.534757
0.534767
0.534703
0.534691
0.534713
0.534709
0.534719
0.534709
0.534729
0.534694
0.534694
0.534699
0.534682
0.534697
0.534678
0.534691
0.534688
0.534679
0.534665
0.534669
0.534692
0.534728
0.534712
0.534705
0.534686
0.534668
0.534698
0.534717
0.534695
0.534661
0.53466
0.534658
0.534645
0.534652
0.534622
0.53463
0.534626
0.534637
0.534656
0.534671
0.534659
0.534678
0.534731
0.53472
0.534725
0.534772
0.534817
0.534848
0.534876
0.534873
0.53488
0.534902
0.534879
0.534861
0.534831
0.534842
0.53484
0.534816
0.534813
0.534779
0.534807
0.534823
0.534843
0.53486
0.534889
0.534926
0.534972
0.534978
0.534938
0.534978
0.534981
0.535006
0.535032
0.535054
0.535058
0.5351
0.535057
0.535046
0.535089
0.535062
0.535027
0.535017
0.535071
0.535072
0.535083
0.535053
0.535075
0.535096
0.535043
0.535044
0.534996
0.535028
0.534991
0.535015
0.53502
0.535044
0.535005
0.534998
0.535034
0.535005
0.534988
0.53498
0.534987
0.535032
0.535038
0.534998
0.534994
0.535027
0.535012
0.535046
0.535059
0.535025
0.535006
0.53504
0.535061
0.535115
0.535135
0.535157
0.535125
0.535132
0.535127
0.535181
0.535212
0.535197
0.535232
0.535223
0.535236
0.535223
0.535205
0.535193
0.535226
0.535203
0.535231
0.535194
0.535214
0.535223
0.535215
0.535256
0.535246
0.535229
0.535199
0.535193
0.53517
0.535139
0.535178
0.53512
0.535138
0.535184
0.535199
0.535223
0.535242
0.535276
0.535359
0.535343
0.535314
0.535277
0.535281
0.535263
0.535231
0.535221
0.5352
0.535153
0.535157
0.535187
0.535195
0.535228
0.535225
0.535179
0.535176
0.535186
0.535211
0.535217
0.535217
0.535213
0.535228
0.535252
0.535252
0.535264
0.535264
0.535269
0.535215
0.535216
0.535231
0.535248
0.535217
0.535204
0.535189
0.535167
0.535153
0.535186
0.535195
0.535222
0.535221
0.535252
0.535295
0.535303
0.535313
0.535289
0.535259
0.535198
0.53518
0.535196
0.535181
0.535177
0.535201
0.535223
0.535247
0.535302
0.535266
0.535262
0.535227
0.535205
0.535211
0.535211
0.535231
0.535284
0.535294
0.535251
0.535233
0.535184
0.535231
0.535252
0.535206
0.535214
0.535164
0.535176
0.535204
0.535209
0.535239
0.53523
0.535204
0.535212
0.535192
0.535223
0.53524
0.535274
0.535303
0.535291
0.535266
0.535209
0.535221
0.535225
0.535167
0.535215
0.535186
0.535194
0.535211
0.535262
0.535228
0.535251
0.53526
0.535235
0.535236
0.535249
0.535209
0.535196
0.53517
0.535117
0.53514
0.53512
0.535083
0.535057
0.535035
0.535037
0.535007
0.535018
0.535
0.534988
0.534999
0.535014
0.535068
0.535058
0.53506
0.535085
0.535107
0.535098
0.535077
0.535071
0.535042
0.53504
0.535073
0.535053
0.535025
0.535021
0.535006
0.535018
0.534977
0.534947
0.534965
0.534949
0.534964
0.534908
0.534871
0.534838
0.534864
0.534895
0.534908
0.534935
0.534933
0.534906
0.534917
0.534932
0.534911
0.534943
0.534957
0.53494
0.534942
0.534946
0.534998
0.534974
0.534983
0.534947
0.534902
0.534882
0.534877
0.534867
0.534891
0.534864
0.534879
0.534916
0.53489
0.534941
0.534944
0.534924
0.534935
0.534916
0.534929
0.534904
0.534921
0.534989
0.534972
0.534982
0.534956
0.53498
0.535061
0.53508
0.535114
0.535082
0.535073
0.535094
0.535094
0.535059
0.535057
0.535013
0.535002
0.535036
0.535011
0.53504
0.535012
0.535026
0.534985
0.534985
0.535011
0.535052
0.535039
0.535004
0.535022
0.535017
0.535051
0.535035
0.535073
0.535081
0.535094
0.535124
0.535107
0.535082
0.535069
0.535088
0.535092
0.535085
0.535046
0.535049
0.53501
0.535026
0.535015
0.535016
0.535016
0.534995
0.535027
0.534995
0.535059
0.535043
0.535069
0.535084
0.535056
0.535051
0.535039
0.535053
0.535024
0.534995
0.534987
0.535024
0.534991
0.534974
0.534975
0.53497
0.534947
0.534941
0.534934
0.534915
0.534922
0.53493
0.534913
0.534911
0.534939
0.534922
0.534943
0.534969
0.534957
0.535008
0.534987
0.535016
0.535038
0.535062
0.535051
0.535081
0.535058
0.535095
0.535083
0.5351
0.53511
0.535105
0.535082
0.535085
0.535069
0.53505
0.535035
0.535
0.535019
0.535002
0.534984
0.535004
0.534997
0.535018
0.535048
0.535077
0.535063
0.535056
0.535045
0.535023
0.535036
0.535016
0.535002
0.535018
0.534982
0.534989
0.534947
0.534935
0.53496
0.534992
0.534998
0.534998
0.534979
0.534991
0.534997
0.535001
0.534972
0.534956
0.534959
0.534956
0.534986
0.535014
0.534973
0.53498
0.534993
0.534988
0.53498
0.534993
0.534992
0.53501
0.534999
0.534984
0.534962
0.534957
0.534902
0.534915
0.534892
0.534887
0.534872
0.534898
0.53489
0.534921
0.534921
0.534908
0.534923
0.534917
0.534919
0.534918
0.534922
0.534944
0.53489
0.534929
0.534885
0.534889
0.534937
0.534936
0.534923
0.534922
0.534897
0.534845
0.534846
0.534831
0.534832
0.534848
0.534853
0.534844
0.534874
0.534907
0.534925
0.534948
0.534963
0.534938
0.534958
0.534961
0.534976
0.534993
0.534987
0.534994
0.534946
0.534956
0.534983
0.53502
0.535024
0.535058
0.535068
0.535052
0.535036
0.535064
0.535021
0.535022
0.535006
0.535025
0.535021
0.535007
0.535003
0.534985
0.534985
0.534959
0.534946
0.534968
0.534982
0.535006
0.535014
0.535049
0.535086
0.53507
0.535056
0.535068
0.535066
0.535068
0.535042
0.535033
0.535028
0.535047
0.535059
0.535073
0.535095
