0.444215
0.501002
0.514517
0.515459
0.525417
0.530529
0.532123
0.528865
0.532057
0.532986
0.531375
0.534761
0.533449
0.533102
0.532187
0.531615
0.531692
0.530104
0.530491
0.532899
0.532562
0.534683
0.53487
0.534211
0.535577
0.534558
0.534026
0.532605
0.533156
0.533564
0.533277
0.53385
0.533779
0.532661
0.533418
0.532028
0.533404
0.533058
0.534842
0.534481
0.53385
0.534001
0.532535
0.532339
0.532523
0.532665
0.531803
0.532258
0.532547
0.532557
0.532087
0.532761
0.532663
0.532745
0.533407
0.533246
0.533607
0.533488
0.534548
0.534158
0.534167
0.534111
0.533845
0.533903
0.533511
0.533979
0.53373
0.533944
0.534215
0.534226
0.534444
0.534464
0.53481
0.53457
0.53484
0.534754
0.534708
0.53448
0.534734
0.534886
0.535188
0.535114
0.535452
0.535532
0.535051
0.535404
0.535757
0.535612
0.535648
0.536014
0.536396
0.536679
0.537011
0.536621
0.53655
0.53624
0.536031
0.536143
0.535946
0.535898
0.536673
0.537114
0.537047
0.537316
0.537419
0.537519
0.538062
0.537751
0.53796
0.537456
0.537387
0.537212
0.536868
0.536632
0.536219
0.536133
0.536425
0.536178
0.536041
0.536234
0.536336
0.53633
0.536372
0.536418
0.536289
0.536073
0.535933
0.535811
0.536042
0.535876
0.535995
0.536028
0.536149
0.53571
0.53574
0.535135
0.535011
0.535152
0.535416
0.535528
0.53561
0.535395
0.535239
0.535412
0.535094
0.535239
0.535568
0.535415
0.535462
0.535736
0.535606
0.535584
0.535519
0.535712
0.535848
0.535832
0.535785
0.535547
0.535279
0.535486
0.535557
0.535708
0.535787
0.535692
0.535664
0.535733
0.535598
0.535411
0.535514
0.535751
0.535612
0.535618
0.535652
0.535402
0.535452
0.535497
0.535589
0.535848
0.535952
0.536113
0.536145
0.53606
0.53575
0.535786
0.535693
0.535773
0.535791
0.535911
0.535616
0.535331
0.535326
0.535412
0.535266
0.535229
0.535251
0.53506
0.535035
0.535206
0.535314
0.535408
0.535517
0.535471
0.53543
0.535449
0.535381
0.535316
0.535217
0.535015
0.534841
0.534803
0.534952
0.535196
0.535095
0.53506
0.535047
0.535039
0.534688
0.534771
0.534717
0.534795
0.534935
0.534552
0.534614
0.534522
0.534456
0.534433
0.534599
0.534715
0.534664
0.534678
0.534892
0.534938
0.534699
0.53475
0.53466
0.534556
0.534596
0.534596
0.534722
0.534589
0.534766
0.534872
0.534956
0.534786
0.534928
0.535056
0.535102
0.535022
0.535047
0.534982
0.534974
0.534889
0.534882
0.534893
0.535013
0.534894
0.534905
0.534889
0.534936
0.534862
0.534756
0.534797
0.53489
0.534943
0.534889
0.535075
0.53512
0.535017
0.535195
0.535105
0.534973
0.535119
0.534956
0.535112
0.535071
0.53498
0.534908
0.534875
0.534886
0.534832
0.534804
0.534828
0.534724
0.534757
0.534816
0.534948
0.534984
0.534935
0.534945
0.534819
0.534721
0.534801
0.534728
0.534755
0.534692
0.534783
0.534589
0.534694
0.53451
0.534458
0.534425
0.534548
0.534562
0.534567
0.534776
0.534834
0.534746
0.534699
0.53457
0.534543
0.534402
0.534396
0.534261
0.534222
0.534307
0.53427
0.534401
0.534262
0.534457
0.534373
0.534448
0.53438
0.534389
0.534337
0.534332
0.534305
0.53441
0.53451
0.534445
0.534335
0.534206
0.53425
0.534285
0.534266
0.53419
0.534311
0.534192
0.534148
0.534042
0.533933
0.533721
0.533573
0.533497
0.533385
0.533331
0.533446
0.533415
0.533441
0.533529
0.533638
0.53341
0.533406
0.533408
0.533431
0.533516
0.533459
0.5335
0.533693
0.53369
0.533733
0.533562
0.533675
0.533556
0.533408
0.533441
0.533303
0.533266
0.533348
0.533304
0.53338
0.533284
0.533353
0.533356
0.53342
0.533356
0.53339
0.533487
0.533529
0.533446
0.53334
0.533262
0.533232
0.533418
0.533295
0.533318
0.533299
0.533345
0.533439
0.533511
0.533536
0.533607
0.533473
0.533572
0.533651
0.533765
0.533736
0.533762
0.533838
0.533753
0.533668
0.53361
0.533747
0.533737
0.533681
0.53375
0.533811
0.533822
0.533699
0.533693
0.533633
0.533595
0.533725
0.533732
0.533719
0.533662
0.533713
0.533683
0.53369
0.533692
0.533762
0.533715
0.533842
0.533879
0.533878
0.533893
0.533903
0.533783
0.533891
0.533851
0.533905
0.533916
0.533915
0.533876
0.534032
0.534128
0.534133
0.534156
0.534211
0.53422
0.534179
0.534212
0.534274
0.534383
0.534339
0.534424
0.534423
0.534344
0.534398
0.534383
0.534413
0.534416
0.534364
0.534334
0.534373
0.534351
0.534266
0.534201
0.534253
0.534205
0.534213
0.534231
0.534304
0.534277
0.534253
0.534248
0.534247
0.534177
0.534173
0.534248
0.534273
0.534369
0.534407
0.534339
0.534321
0.534348
0.534486
0.534526
0.534542
0.534568
0.534612
0.534559
0.534531
0.53454
0.534619
0.534566
0.534519
0.534436
0.53458
0.534558
0.53456
0.534538
0.534493
0.534565
0.534599
0.534637
0.534725
0.534778
0.534851
0.534836
0.534873
0.534874
0.534842
0.534808
0.534782
0.534869
0.534936
0.534912
0.534904
0.534889
0.534953
0.535019
0.535038
0.534959
0.535041
0.535032
0.535066
0.535114
0.535019
0.534941
0.534913
0.534975
0.534884
0.534864
0.534896
0.534849
0.534807
0.534753
0.53473
0.534703
0.534671
0.534623
0.534629
0.534637
0.53461
0.534625
0.534615
0.534642
0.534712
0.534657
0.534676
0.534778
0.534621
0.534569
0.534576
0.534535
0.534464
0.534495
0.534494
0.534511
0.534479
0.534491
0.534551
0.534501
0.534498
0.534462
0.534464
0.534417
0.53451
0.534471
0.534419
0.53437
0.534408
0.534396
0.534338
0.534248
0.534247
0.534285
0.534357
0.534333
0.534364
0.534394
0.534377
0.534292
0.534388
0.534298
0.53436
0.534309
0.534235
0.534193
0.534182
0.534221
0.534181
0.534202
0.534141
0.534162
0.534134
0.534018
0.533963
0.533928
0.533985
0.533875
0.533903
0.533966
0.534055
0.533954
0.533997
0.533913
0.5339
0.53388
0.533751
0.533746
0.533721
0.533707
0.533696
0.533729
0.53373
0.533761
0.533729
0.533728
0.533697
0.533664
0.533672
0.533681
0.53378
0.5338
0.533767
0.533755
0.533809
0.533794
0.533781
0.533722
0.533751
0.53376
0.533754
0.533835
0.533825
0.53389
0.533869
0.533952
0.53395
0.533989
0.534
0.534035
0.534003
0.533951
0.53394
0.533949
0.533973
0.53398
0.533975
0.533927
0.534015
0.533977
0.533994
0.53404
0.534067
0.534046
0.534113
0.534159
0.534192
0.534182
0.534167
0.534093
0.534095
0.534016
0.534017
0.533996
0.534051
0.534045
0.534101
0.534099
0.534164
0.53415
0.53403
0.534035
0.534063
0.534015
0.533918
0.533935
0.533989
0.533897
0.533894
0.533938
0.53388
0.533871
0.533824
0.533841
0.5338
0.533842
0.53383
0.533756
0.533759
0.533789
0.533739
0.533734
0.533772
0.533812
0.533833
0.53388
0.533876
0.533843
0.533817
0.53378
0.53372
0.533728
0.533733
0.53379
0.533729
0.533772
0.533778
0.533728
0.533703
0.533694
0.533638
0.533697
0.533678
0.533658
0.533605
0.53354
0.533661
0.533705
0.533705
0.533674
0.53367
0.533655
0.533658
0.533691
0.53364
0.533642
0.533626
0.53372
0.533699
0.533718
0.533705
0.53373
0.53367
0.533665
0.533683
0.533626
0.533674
0.533717
0.533688
0.533647
0.533653
0.533614
0.533615
0.533595
0.533659
0.533634
0.533589
0.53354
0.533575
0.533528
0.533513
0.533532
0.533549
0.533513
0.533563
0.533614
0.533641
0.533645
0.533644
0.533648
0.533715
0.533706
0.533671
0.533649
0.533668
0.533661
0.533613
0.53364
0.533649
0.53361
0.533598
0.533539
0.533571
0.533614
0.533636
0.533635
0.533656
0.533542
0.533467
0.533469
0.533515
0.533462
0.533432
0.533366
0.533366
0.533432
0.533489
0.533543
0.533555
0.533505
0.533409
0.533352
0.533363
0.533345
0.533331
0.533305
0.533216
0.53322
0.533205
0.533273
0.533308
0.533308
0.533276
0.533299
0.53332
0.533311
0.533258
0.533267
0.533291
0.533302
0.533322
0.533344
0.533402
0.53335
0.533307
0.533262
0.533241
0.533282
0.533263
0.533256
0.533259
0.533332
0.533436
0.533443
0.533434
0.533431
0.533466
0.533418
0.533341
0.533285
0.533324
0.533271
0.533298
0.533267
0.533212
0.533204
0.533149
0.533177
0.533189
0.533215
0.533187
0.5332
0.533198
0.533157
0.533165
0.533174
0.533172
0.533202
0.533191
0.533154
0.533191
0.533257
0.533305
0.533342
0.533301
0.533265
0.533202
0.533118
0.533127
0.533056
0.533084
0.533053
0.533033
0.533053
0.533109
0.533075
0.533013
0.533011
0.533063
0.533068
0.533017
0.533052
0.533046
0.533077
0.533082
0.533118
0.533073
0.533104
0.533086
0.53307
0.533033
0.532981
0.533035
0.533069
0.533135
0.533171
0.53325
0.533259
0.533218
0.533233
0.5332
0.533291
0.53326
0.533219
0.533221
0.533244
0.533222
0.533243
0.533264
0.533218
0.533176
0.533165
0.533172
0.53319
0.533162
0.533133
0.533092
0.533088
0.533032
0.532996
0.532995
0.532988
0.532992
0.533009
0.53293
0.532953
0.532963
0.532998
0.533027
0.53297
0.532996
0.53306
0.533043
0.533056
0.533061
0.533015
0.532977
0.532994
0.533027
0.533014
0.533062
0.533048
0.533058
0.533082
0.533111
0.533121
0.5331
0.533108
0.5331
0.533102
0.53309
0.533099
0.533113
0.533203
0.533201
0.533181
0.533136
0.533164
0.533132
0.533126
0.533142
0.533125
0.533117
0.533087
0.533077
0.533074
0.533058
0.533071
0.533066
0.533067
0.533033
0.533059
0.533045
0.533118
0.53313
0.53312
0.533106
0.533148
0.533062
0.533063
0.533114
0.533152
0.533105
0.533115
0.533108
0.533121
0.533116
0.533082
0.533052
0.533042
0.53302
0.53305
0.533074
0.53305
0.533049
0.533057
0.533103
0.533084
0.533082
0.533085
0.532996
0.53303
0.533037
0.53306
0.533073
0.533065
0.533043
0.533038
0.533056
0.533041
0.533081
0.5331
0.533057
0.533062
0.533069
0.533077
0.533098
0.533093
0.533098
0.533146
0.533161
0.533129
0.533152
0.53318
0.533236
0.533234
0.533213
0.533197
0.533176
0.533154
0.533153
0.53316
0.533126
0.533093
0.53311
0.533102
0.533106
0.533106
0.533087
0.533066
0.533083
0.53308
0.53307
0.533037
0.533053
0.533049
0.533057
0.533017
0.533029
0.53306
0.533094
0.533047
0.53297
0.532994
0.532979
0.532974
0.533006
0.532982
0.532972
0.532953
0.532934
0.532955
0.532998
0.532986
0.53298
0.533013
0.533002
0.532961
0.532996
0.533009
0.533004
0.533022
0.533015
0.533051
0.533052
0.533066
0.533082
0.533098
0.533106
0.533081
0.53313
0.533111
0.533074
0.533045
0.533053
0.533061
0.533079
0.533086
0.533095
0.533047
0.533007
0.532993
0.533012
0.532994
0.532997
0.532993
0.532979
0.532936
0.532947
0.532954
0.532983
0.532964
0.532975
0.532971
0.533008
0.532983
0.532985
0.533024
0.532988
0.532984
0.532991
0.532993
0.532965
0.532959
0.532981
0.532982
0.532995
0.532975
0.532933
0.532901
0.532886
0.532844
0.532847
0.532865
0.532831
0.532806
0.532772
0.532735
0.532697
0.532676
0.532666
0.532688
0.532648
0.532662
0.532686
0.532683
0.532694
0.532683
0.532665
0.532646
0.532661
0.532624
0.532648
0.532676
0.53269
0.532693
0.532669
0.532667
0.532639
0.532633
0.532628
0.532634
0.532616
0.532636
0.532611
0.532601
0.532621
0.532626
0.532625
0.532573
0.532578
0.532591
0.532579
0.532589
0.532563
0.532574
0.53257
0.532574
0.532588
0.532588
0.532551
0.532557
0.532542
0.532539
0.532514
0.532599
0.532611
0.53258
0.532597
0.532597
0.532593
0.532612
0.532605
0.532633
0.532609
0.532598
0.532631
0.532688
0.532677
0.532641
0.53267
0.532703
0.532705
0.532683
0.532682
0.532666
0.532688
0.532686
0.532704
0.532677
0.532699
0.532681
0.532716
0.532721
0.532732
0.532724
0.532704
0.53269
0.532666
0.532683
0.532666
0.532652
0.532664
0.532674
0.532666
0.532651
0.532641
0.532654
0.532673
0.532683
0.532736
0.532679
0.532674
0.532692
0.532701
0.532661
0.532648
0.532667
0.532651
0.532662
0.532637
0.532622
0.532648
0.532631
0.532634
0.532603
0.532624
0.532579
0.532547
0.532532
0.532534
0.532516
0.532556
0.532554
0.532533
0.532505
0.532493
0.532466
0.532453
0.532461
0.532467
0.532459
0.532476
0.532485
0.532509
0.532519
0.532538
0.532532
0.532525
0.532563
0.532505
0.532498
0.532488
0.532464
0.532484
0.532461
0.532436
0.532419
0.532423
0.532428
0.532408
0.532411
0.532396
0.532399
0.532399
0.532398
0.532333
0.532356
0.532389
0.532387
0.532425
0.532497
0.532468
0.53248
0.532451
0.532501
0.532504
0.532475
0.532475
0.532494
0.532504
0.532468
0.532438
0.532459
0.532476
0.532471
0.532484
0.532494
0.532506
0.532501
0.532477
0.532498
0.532495
0.532498
0.53252
0.532472
0.532451
0.532433
0.532434
0.532461
0.532458
0.532483
0.532498
0.532524
0.532499
0.532493
0.532494
0.532503
0.532472
0.53246
0.532476
0.532507
0.532507
0.532498
0.532511
0.532527
0.532544
0.532532
0.532526
0.532556
0.532559
0.532574
0.532593
0.532561
0.532553
0.532538
0.532535
0.532495
0.532533
0.532571
0.532621
0.532613
0.532633
0.532626
0.532621
0.532642
0.532614
0.532558
0.532572
0.532577
0.532591
0.532571
0.532607
0.53262
0.532616
0.532627
0.532634
0.532636
0.53262
0.532585
0.532586
0.532525
0.532516
0.532498
0.532471
0.532458
0.532478
0.532456
0.532445
0.532449
0.532454
0.532456
0.532443
0.532469
0.532472
0.532502
0.532474
0.532514
0.532525
0.532539
0.532563
0.532551
0.532603
0.532602
0.532652
0.532639
0.532631
0.532596
0.532565
0.532568
0.532557
0.532565
0.532591
0.532617
0.532638
0.532656
0.532682
0.532637
0.532651
0.532668
0.532692
0.532661
0.532683
0.5327
0.532679
0.53267
0.532681
0.532708
0.532741
0.532709
0.532699
0.532717
0.532713
0.53275
0.532779
0.532764
0.532754
0.532738
0.532762
0.532754
0.532728
0.532687
0.532677
0.53269
0.532699
0.532725
0.532741
0.532778
0.532767
0.53277
0.532743
0.532763
0.532771
0.532752
0.532763
0.532731
0.532725
0.532731
0.532763
0.532741
0.532748
0.532741
0.532736
0.532737
0.532737
0.532749
0.532791
0.532813
0.532824
0.532825
0.532835
0.532821
0.53281
0.532786
0.532746
0.532766
0.532745
0.532744
0.532711
0.532721
0.532745
0.532769
0.53277
0.532757
0.53276
0.532758
0.532746
0.532744
0.532744
0.532758
0.532751
0.532745
0.532748
0.53277
0.532767
0.532772
0.532768
0.532786
0.53281
0.532794
0.532775
0.532767
0.532745
0.532733
0.532736
0.532738
0.532765
0.532747
0.532737
0.532742
0.532766
0.532765
0.532737
0.532704
0.532693
0.532704
0.532694
0.532659
0.532685
0.532686
0.532669
0.53267
0.532663
0.532684
0.532675
0.532697
0.532709
0.53269
0.532704
0.532683
0.532678
0.532719
0.532733
0.532728
0.532717
0.532736
0.532764
0.532719
0.532723
0.532719
0.532688
0.532682
0.532689
0.532674
0.532684
0.532679
0.532656
0.532633
0.532626
0.532659
0.532666
0.532626
0.532655
0.532634
0.532652
0.532653
0.532635
0.532593
0.532588
0.532569
0.532581
0.532555
0.532565
0.532572
0.53257
0.532557
0.532551
0.532564
0.532569
0.532535
0.532505
0.532435
0.532401
0.532397
0.532385
0.532361
0.532355
0.532363
0.532364
0.532341
0.532381
0.532381
0.53241
0.532428
0.532398
0.532388
0.532358
0.532389
0.532352
0.53234
0.532365
0.532338
0.532333
0.532312
0.5323
0.532312
0.532314
0.532294
0.532293
0.532304
0.532282
0.532284
0.532297
0.53231
0.532331
0.532317
0.532314
0.532306
0.53229
0.532305
0.532306
0.532329
0.532329
0.53232
0.532351
0.532339
0.532338
0.53234
0.532376
0.532441
0.532434
0.532399
0.53242
0.532444
0.532447
0.532467
0.532476
0.532477
0.532514
0.53252
0.532542
0.532574
0.532568
0.532555
0.532572
0.532585
0.532595
0.532607
0.53259
0.532603
0.532658
0.532644
0.53265
0.532587
0.532595
0.532609
0.532627
0.532603
0.532592
0.532593
0.532594
0.532621
0.532615
0.532659
0.53269
0.532683
0.532673
0.532642
0.532662
0.532676
0.532654
0.532686
0.532692
0.532695
0.532726
0.532752
0.532748
0.532746
0.532724
0.532719
0.532729
0.532727
0.532714
0.532715
0.532721
0.53273
0.532736
0.53274
0.532721
0.532739
0.532744
0.532746
0.532755
0.532779
0.532753
0.532745
0.532754
0.532751
0.532729
0.532732
0.532754
0.532786
0.53278
0.53282
0.532859
0.532858
0.532847
0.532857
0.532873
0.532853
0.532873
0.532873
0.53286
0.532858
0.532861
0.532868
0.532867
0.53288
0.532902
0.532882
0.532888
0.532913
0.532928
0.532912
0.532938
0.532908
0.532909
0.532934
0.532925
0.53292
0.532939
0.532911
0.532918
0.532905
0.532917
0.532904
0.532902
0.532882
0.532868
0.532872
0.532855
0.532872
0.532889
0.532874
0.532882
0.532892
0.532899
0.532901
0.532905
0.532893
0.532913
0.532907
0.532907
0.532921
0.532925
0.532931
0.532913
0.532908
0.532908
0.532916
0.532913
0.53293
0.532931
0.532902
0.532942
0.532965
0.532943
0.532915
0.532928
0.532928
0.532939
0.532939
0.532934
0.532931
0.53292
0.532908
0.532909
0.532908
0.532929
0.532913
0.532951
0.532924
0.532925
0.532924
0.532916
0.532897
0.532882
0.532864
0.532854
0.532882
0.532877
0.532913
0.532886
0.532893
0.532871
0.532865
0.532879
0.532882
0.532894
0.532893
0.532896
0.532915
0.532921
0.532938
0.53291
0.532902
0.532879
0.532876
0.532867
0.532854
0.532866
0.532853
0.532849
0.532851
0.532855
0.532808
0.532798
0.532782
0.532781
0.532771
0.532775
0.532766
0.532747
0.532776
0.532781
0.532806
0.532831
0.532838
0.532823
0.532817
0.532811
0.532796
0.532801
0.532829
0.532834
0.532847
0.532828
0.532792
0.532813
0.532806
0.532799
0.532816
0.532836
0.532831
0.532852
0.532853
0.532867
0.532862
0.532871
0.53288
0.532869
0.532911
0.532901
0.532931
0.532937
0.53293
0.532928
0.532916
0.532935
0.532916
0.532883
0.532857
0.532848
0.532846
0.53286
0.532909
0.532929
0.532913
0.532894
0.532924
0.532912
0.532929
0.532951
0.532931
0.532924
0.532915
0.532907
0.532921
0.532904
0.532912
0.532918
0.532902
0.532896
0.532915
0.532926
0.532895
0.532911
0.532872
0.532882
0.532882
0.532884
0.532879
0.532849
0.532858
0.532876
0.532883
0.532878
0.532844
0.532837
0.532816
0.532835
0.532829
0.532805
0.532821
0.532836
0.532851
0.532833
0.532836
0.532848
0.532881
0.532853
0.532827
0.532834
0.532852
0.53284
0.532823
0.532824
0.532826
0.532817
0.532831
0.532868
0.532856
0.53287
0.532847
0.532855
0.532857
0.532858
0.532853
0.532851
0.532836
0.532825
0.532819
0.532826
0.532805
0.53279
0.532773
0.532793
0.532791
0.532815
0.532786
0.532817
0.532815
0.532803
0.53281
0.532817
0.532816
0.532808
0.532808
0.532805
0.532812
0.53281
0.53279
0.532808
0.532788
0.532809
0.532784
0.532786
0.532795
0.532794
0.532795
0.532794
0.532807
0.532811
0.532818
0.532813
0.532792
0.532797
0.532785
0.532797
0.532813
0.532824
0.532829
0.532803
0.53281
0.532822
0.532835
0.532851
0.532841
0.532817
0.532813
0.532834
0.53285
0.53282
0.53281
0.532775
0.532751
0.532752
0.532743
0.532774
0.532757
0.53276
0.53276
0.532765
0.532766
0.53278
0.532791
0.532815
0.532846
0.532814
0.532812
0.532787
0.5328
0.532818
0.532801
0.532821
0.532826
0.532833
0.532831
0.532824
0.532795
0.532749
0.532766
0.532738
0.532747
0.532754
0.532749
0.53273
0.532733
0.532723
0.532722
0.532739
0.532731
