0.810573
0.821814
0.829942
0.818232
0.818182
0.819541
0.81639
0.816744
0.821775
0.821732
0.807462
0.795754
0.78238
0.771797
0.764559
0.761589
0.756865
0.753458
0.74832
0.744562
0.735938
0.726173
0.718084
0.712281
0.704973
0.695914
0.691143
0.687141
0.683891
0.678839
0.671882
0.665633
0.66037
0.654115
0.650563
0.645147
0.640903
0.636559
0.633473
0.629442
0.623875
0.618684
0.613879
0.609357
0.604729
0.600144
0.596384
0.592601
0.589145
0.58501
0.581347
0.578541
0.575062
0.570805
0.567442
0.56442
0.561454
0.557957
0.556028
0.553067
0.550287
0.547983
0.545902
0.543719
0.541366
0.539561
0.537684
0.535226
0.533489
0.531817
0.530594
0.528696
0.526796
0.525776
0.524697
0.523332
0.521933
0.520878
0.520373
0.519353
0.518867
0.519216
0.519781
0.519416
0.519661
0.519311
0.519458
0.519381
0.519161
0.519072
0.520167
0.52153
0.522597
0.5239
0.523993
0.525261
0.526174
0.527199
0.528229
0.529009
0.530061
0.531027
0.531978
0.53266
0.533083
0.533994
0.535021
0.535595
0.536391
0.536926
0.537859
0.538861
0.540011
0.54057
0.540648
0.541406
0.541866
0.542243
0.543084
0.543657
0.544066
0.544434
0.545115
0.545954
0.546393
0.54719
0.547652
0.548109
0.548571
0.549404
0.549859
0.550159
0.550728
0.551155
0.551703
0.552166
0.552582
0.553308
0.553839
0.553848
0.55422
0.554694
0.555334
0.555834
0.55616
0.556435
0.556819
0.556928
0.557238
0.557505
0.557926
0.558167
0.55857
0.558875
0.559159
0.559625
0.560048
0.560404
0.560634
0.56109
0.561558
0.56171
0.562129
0.562369
0.562629
0.56278
0.562942
0.563474
0.56363
0.563543
0.563982
0.56425
0.564454
0.564739
0.564916
0.564914
0.56539
0.565847
0.566028
0.566388
0.566678
0.567044
0.567216
0.567541
0.567892
0.568256
0.568606
0.568813
0.569024
0.569279
0.569565
0.569821
0.570029
0.570266
0.570537
0.570522
0.570941
0.571115
0.571279
0.571661
0.571813
0.572081
0.572349
0.572575
0.57294
0.573376
0.573554
0.573773
0.574064
0.574294
0.574252
0.574384
0.574504
0.574785
0.574977
0.575171
0.575324
0.575562
0.575613
0.575885
0.576011
0.576155
0.576267
0.576276
0.576396
0.576649
0.576812
0.577152
0.577106
0.577365
0.57757
0.57773
0.577729
0.577868
0.578079
0.578057
0.578336
0.578607
0.57875
0.578735
0.578968
0.579232
0.579349
0.579491
0.579646
0.5798
0.579963
0.58024
0.580396
0.580694
0.580835
0.580848
0.581027
0.58107
0.581395
0.581508
0.58164
0.581748
0.581842
0.582068
0.58223
0.582287
0.582403
0.582428
0.582604
0.5828
0.582859
0.582912
0.583075
0.583188
0.583368
0.583369
0.583489
0.583697
0.583747
0.583937
0.584128
0.5842
0.584316
0.584527
0.584571
0.584699
0.584883
0.58502
0.585262
0.585331
0.585472
0.585778
0.585905
0.586068
0.586132
0.586275
0.586369
0.586435
0.586449
0.586376
0.586563
0.586727
0.586773
0.586904
0.586902
0.586887
0.587113
0.587176
0.587319
0.587419
0.58757
0.587674
0.587671
0.587721
0.587784
0.587838
0.587911
0.587974
0.588046
0.588166
0.588212
0.588345
0.588469
0.588608
0.588759
0.588724
0.588724
0.588718
0.588906
0.588858
0.588865
0.588953
0.588933
0.589122
0.589184
0.589293
0.589418
0.589502
0.589417
0.589461
0.589532
0.589673
0.589761
0.589857
0.589798
0.58988
0.590163
0.590173
0.590201
0.590259
0.590291
0.590299
0.590404
0.590471
0.590497
0.59048
0.590584
0.590545
0.590655
0.590697
0.590888
0.590918
0.590997
0.591021
0.591042
0.591257
0.591304
0.591237
0.591188
0.591248
0.591243
0.591377
0.591336
0.591407
0.591496
0.591609
0.591561
0.591585
0.591741
0.59166
0.591609
0.591605
0.591642
0.591711
0.591796
0.591826
0.591918
0.591934
0.592065
0.592005
0.592138
0.592259
0.592263
0.592323
0.592437
0.59258
0.592699
0.5927
0.59275
0.592885
0.592961
0.593119
0.593187
0.593236
0.593364
0.593467
0.593487
0.593547
0.593643
0.593708
0.593739
0.593804
0.5939
0.593942
0.594043
0.594126
0.594245
0.594304
0.59439
0.594419
0.594487
0.594481
0.594509
0.594586
0.594731
0.594882
0.594927
0.595004
0.595022
0.595137
0.595199
0.595328
0.59532
0.595446
0.595448
0.595564
0.595719
0.595769
0.595701
0.595742
0.595764
0.59582
0.595974
0.596008
0.596121
0.596149
0.59611
0.596221
0.596339
0.596291
0.596351
0.596397
0.596432
0.59645
0.596512
0.596499
0.596562
0.596659
0.59662
0.596693
0.596773
0.596837
0.596759
0.596854
0.596866
0.596966
0.597
0.596966
0.596985
0.597061
0.59715
0.597199
0.597214
0.597318
0.597278
0.597325
0.597339
0.597422
0.597367
0.59737
0.597433
0.597426
0.597437
0.59741
0.597411
0.597545
0.597607
0.59767
0.597711
0.597866
0.597885
0.597949
0.597924
0.597975
0.598081
0.598144
0.598232
0.598239
0.598308
0.598439
0.598412
0.598425
0.598463
0.598518
0.598582
0.598596
0.598607
0.598708
0.598826
0.598823
0.598829
0.598901
0.599065
0.599088
0.599172
0.599265
0.599325
0.599357
0.599396
0.599404
0.599412
0.599549
0.599553
0.599596
0.599609
0.599625
0.599577
0.599689
0.599734
0.599794
0.599841
0.599928
0.59997
0.599988
0.600056
0.600043
0.600048
0.600025
0.60017
0.600197
0.600209
0.600198
0.600205
0.600214
0.600241
0.600255
0.600271
0.600298
0.600325
0.600423
0.600499
0.600462
0.600608
0.600687
0.600745
0.600783
0.600813
0.600784
0.600822
0.600854
0.600872
0.600848
0.600862
0.600889
0.600971
0.60098
0.601037
0.601175
0.601248
0.601279
0.60127
0.60124
0.601288
0.601343
0.601412
0.601464
0.601481
0.601481
0.601528
0.601594
0.601635
0.601719
0.601767
0.601816
0.601804
0.601858
0.60184
0.601846
0.601937
0.601972
0.601952
0.601996
0.602013
0.602013
0.602055
0.602074
0.602056
0.602093
0.602136
0.602192
0.602314
0.602388
0.602339
0.602345
0.602415
0.602434
0.602461
0.602542
0.602659
0.602712
0.602714
0.60276
0.602749
0.602799
0.602777
0.602768
0.602867
0.602894
0.602935
0.602981
0.602957
0.602996
0.603085
0.60311
0.603146
0.603118
0.603086
0.603069
0.603029
0.603125
0.603068
0.603117
0.603097
0.603128
0.603114
0.603124
0.603104
0.603187
0.603253
0.603247
0.603232
0.603246
0.60325
0.603325
0.603344
0.603365
0.603393
0.60344
0.60341
0.603453
0.603487
0.603521
0.603562
0.603596
0.603663
0.603728
0.603759
0.603751
0.603706
0.603705
0.603748
0.603828
0.603875
0.603875
0.603896
0.603964
0.604036
0.604086
0.604145
0.604206
0.604271
0.604315
0.604369
0.604472
0.604496
0.604507
0.604526
0.604538
0.604562
0.604638
0.604609
0.604693
0.604681
0.604691
0.604765
0.604811
0.604916
0.604961
0.604981
0.605028
0.605046
0.605062
0.605018
0.605046
0.605081
0.605069
0.605103
0.605126
0.605179
0.605251
0.605303
0.605339
0.605349
0.605364
0.605339
0.605397
0.605456
0.605385
0.605357
0.605349
0.605312
0.605285
0.605288
0.605342
0.6053
0.605327
0.605325
0.605312
0.605357
0.60536
0.605408
0.605448
0.60541
0.60539
0.605422
0.605478
0.605485
0.605559
0.605594
0.605647
0.605675
0.60569
0.605737
0.605801
0.605786
0.605775
0.605815
0.605859
0.605865
0.605917
0.605925
0.605994
0.606032
0.606061
0.606093
0.606141
0.60618
0.606219
0.606161
0.606172
0.606242
0.606274
0.6063
0.606309
0.606349
0.606418
0.606389
0.606388
0.606394
0.606442
0.606535
0.606579
0.606595
0.606618
0.606642
0.606685
0.606681
0.606709
0.606803
0.606845
0.606851
0.60682
0.606814
0.606884
0.606913
0.606981
0.607048
0.607125
0.607157
0.607196
0.607199
0.607236
0.607316
0.607319
0.607361
0.607396
0.607423
0.60738
0.607373
0.607431
0.60745
0.607434
0.607413
0.607431
0.607437
0.607453
0.607492
0.607513
0.607535
0.607582
0.607636
0.607673
0.607702
0.607761
0.607804
0.607828
0.607881
0.607949
0.607944
0.607953
0.607991
0.608052
0.6081
0.608127
0.608162
0.608191
0.608153
0.608185
0.608211
0.608234
0.608281
0.608298
0.608265
0.608324
0.608371
0.608367
0.608393
0.608393
0.60844
0.608466
0.60849
0.608518
0.608505
0.608481
0.608503
0.608542
0.608552
0.608514
0.608526
0.60859
0.608614
0.608613
0.608615
0.608615
0.608659
0.608662
0.608658
0.608664
0.608673
0.608739
0.608736
0.608779
0.60884
0.608869
0.608897
0.608911
0.608958
0.608974
0.608994
0.60902
0.609049
0.609081
0.609058
0.609059
0.609093
0.609056
0.609065
0.609139
0.609185
0.609174
0.609186
0.60923
0.609245
0.60925
0.609271
0.609336
0.609385
0.609388
0.609389
0.609394
0.609415
0.609434
0.60947
0.609477
0.609476
0.609491
0.609524
0.609498
0.609495
0.609485
0.609508
0.609552
0.609597
0.609605
0.609615
0.609649
0.609631
0.609636
0.609606
0.609596
0.609627
0.609629
0.609657
0.60972
0.609736
0.609776
0.609778
0.609825
0.609854
0.609862
0.609875
0.609861
0.609852
0.609843
0.609839
0.609849
0.609793
0.609881
0.609908
0.609889
0.609902
0.609903
0.609922
0.609942
0.609973
0.609971
0.609998
0.609996
0.610048
0.610066
0.61005
0.610028
0.610037
0.610035
0.610044
0.610046
0.610106
0.610147
0.610149
0.610195
0.610205
0.610186
0.61019
0.610192
0.610223
0.610237
0.610317
0.610341
0.610356
0.6104
0.610424
0.61043
0.610445
0.61048
0.610522
0.6105
0.610537
0.610539
0.61053
0.610532
0.610545
0.610537
0.610556
0.610577
0.610583
0.610543
0.610533
0.610562
0.610588
0.610607
0.610644
0.610669
0.610633
0.61066
0.610681
0.610696
0.610675
0.610674
0.610718
0.610747
0.610751
0.610799
0.610784
0.610772
0.610775
0.610752
0.610744
0.610756
0.610791
0.610798
0.610788
0.610777
0.610821
0.610857
0.610855
0.610895
0.610856
0.610854
0.610863
0.610869
0.610884
0.610867
0.610889
0.610894
0.610891
0.610904
0.610879
0.610903
0.610884
0.610898
0.61091
0.610959
0.610939
0.610988
0.611022
0.611055
0.611059
0.611067
0.611104
0.611118
0.611108
0.611073
0.61106
0.611057
0.611104
0.611115
0.611083
0.611101
0.611152
0.611149
0.611151
0.611172
0.611167
0.611178
0.611199
0.611242
0.611274
0.611287
0.611355
0.611391
0.611389
0.61143
0.611419
0.611426
0.611411
0.611397
0.611428
0.611344
0.611342
0.611335
0.611382
0.611383
0.611369
0.611345
0.611384
0.611384
0.611413
0.611445
0.611427
0.611435
0.611467
0.611492
0.611461
0.61147
0.61147
0.611507
0.611499
0.611529
0.611516
0.611522
0.61154
0.611585
0.611614
0.611608
0.611633
0.611604
0.611592
0.611634
0.611636
0.611653
0.611643
0.611656
0.611656
0.61165
0.611655
0.611676
0.611712
0.611714
0.611744
0.611777
0.611822
0.611825
0.61184
0.611828
0.611806
0.611845
0.611853
0.611863
0.611843
0.611848
0.61183
0.611826
0.611847
0.611894
0.611873
0.611863
0.61185
0.611901
0.611902
0.61189
0.611866
0.611895
0.611894
0.611858
0.611904
0.611912
0.611917
0.611916
0.611937
0.61194
0.611978
0.612007
0.612004
0.611997
0.612007
0.611967
0.611975
0.611994
0.61198
0.611962
0.611937
0.611957
0.611978
0.611978
0.611976
0.612001
0.612058
0.612043
0.612065
0.612057
0.612073
0.612057
0.612077
0.612075
0.612078
0.612094
0.612116
0.612118
0.61213
0.612125
0.612132
0.612127
0.612119
0.612142
0.612165
0.612174
0.612206
0.61221
0.612187
0.612163
0.612171
0.612176
0.612167
0.612198
0.612245
0.612241
0.612263
0.612281
0.612261
0.612262
0.61227
0.612288
0.612313
0.61232
0.612303
0.612284
0.612291
0.612316
0.612279
0.612287
0.612297
0.612301
0.612302
0.612306
0.612302
0.612249
0.612217
0.612167
0.61214
0.612133
0.612125
0.612148
0.61216
0.612185
0.612196
0.612177
0.612147
0.612139
0.612151
0.612128
0.612128
0.612089
0.612071
0.61206
0.612096
0.612108
0.612076
0.612083
0.612123
0.612124
0.612117
0.612134
0.612147
0.612132
0.612108
0.612122
0.61214
0.612144
0.612136
0.612107
0.612117
0.612112
0.612114
0.612112
0.6121
0.612108
0.612126
0.612117
0.612108
0.612072
0.612065
0.612071
0.612064
0.612065
0.612061
0.612058
0.612066
0.612045
0.612036
0.612034
0.612043
0.612023
0.612038
0.612041
0.612024
0.612023
0.612018
0.612017
0.612031
0.612036
0.612023
0.612061
0.612078
0.612104
0.612108
0.61207
0.612049
0.61205
0.612063
0.612097
0.612093
0.612092
0.612126
0.612178
0.612201
0.612203
0.612223
0.612237
0.612252
0.61224
0.612233
0.612217
0.612247
0.612232
0.612282
0.612299
0.612307
0.61233
0.612358
0.612347
0.61233
0.612313
0.612321
0.612285
0.612294
0.612328
0.612344
0.612345
0.612399
0.612402
0.612418
0.612424
0.612426
0.61242
0.612385
0.612399
0.612397
0.612405
0.612426
0.612409
0.612391
0.612404
0.612405
0.612455
0.612468
0.612489
0.612488
0.612496
0.612507
0.612526
0.612495
0.612486
0.612509
0.612504
0.61251
0.612516
0.612502
0.612524
0.612532
0.61255
0.612522
0.612527
0.612546
0.612555
0.612565
0.612562
0.612568
0.612579
0.61258
0.612588
0.612589
0.612575
0.612572
0.612558
0.612525
0.612563
0.612574
0.612562
0.612559
0.612573
0.61257
0.61253
0.612542
0.612545
0.612542
0.612542
0.612524
0.61252
0.612528
0.612518
0.612526
0.612532
0.612538
0.612539
0.612558
0.612579
0.612575
0.612574
0.612596
0.612595
0.612599
0.6126
0.6126
0.612606
0.612591
0.612626
0.612646
0.612658
0.61267
0.612685
0.612704
0.612713
0.612708
0.612719
0.612745
0.612726
0.612741
0.612725
0.612713
0.612733
0.612757
0.612774
0.61274
0.612768
0.612763
0.612781
0.612763
0.612733
0.612726
0.612747
0.612739
0.612752
0.612762
0.612746
0.612762
0.612797
0.612799
0.612775
0.612811
0.612779
0.612797
0.612796
0.612815
0.612808
0.612826
0.612843
0.612853
0.612858
0.612862
0.612874
0.612887
0.612874
0.612884
0.612862
0.612875
0.612897
0.612907
0.612881
0.612875
0.612903
0.612908
0.612922
0.612925
0.612916
0.612904
0.612888
0.612889
0.612886
0.61288
0.612884
0.612886
0.612906
0.612906
0.612936
0.612932
0.612931
0.61293
0.612946
0.612963
0.612967
0.61298
0.613001
0.612966
0.612979
0.612971
0.612992
0.613
0.613012
0.613018
0.613025
0.613019
0.613036
0.61302
0.613022
0.61302
0.613021
0.613014
0.612987
0.61299
0.612973
0.61296
0.612949
0.612944
0.612971
0.612956
0.612946
0.612945
0.61296
0.612936
0.612954
0.612938
0.612951
0.612941
0.612936
0.612964
0.61297
0.612978
0.613024
0.613013
0.612997
0.612997
0.612996
0.613022
0.613057
0.61307
0.613083
0.613073
0.613089
0.613077
0.613121
0.613101
0.613082
0.613094
0.613102
0.613091
0.61309
0.613091
0.613108
0.613088
0.613098
0.613099
0.613081
0.613078
0.613098
0.613135
0.613139
0.613129
0.613115
0.613115
0.613124
0.613136
0.613117
0.613114
0.613125
0.613146
0.613161
0.613174
0.61315
0.613143
0.613125
0.613133
0.613136
0.61311
0.613096
0.613101
0.61311
0.613123
0.613095
0.613088
0.613091
0.613081
0.613101
0.613085
0.613102
0.613104
0.613125
0.613107
0.613097
0.613071
0.613069
0.61307
0.61308
0.613095
0.613092
0.613103
0.613112
0.613099
0.613111
0.613102
0.613093
0.61309
0.613082
0.6131
0.613101
0.613103
0.613105
0.613085
0.613112
0.613123
0.61314
0.613132
0.613143
0.613122
0.613108
0.613128
0.613155
0.613141
0.613156
0.613184
0.613162
0.613175
0.613204
0.613204
0.61319
0.613176
0.61318
0.613201
0.613199
0.61319
0.613208
0.61321
0.613196
0.613177
0.613176
0.613184
0.613183
0.61316
0.613163
0.61317
0.613181
0.613169
0.613167
0.613167
0.613157
0.613133
0.613124
0.613085
0.613088
0.613082
0.613076
0.61306
0.613056
0.613051
0.613058
0.613074
0.613089
0.613083
0.613059
0.613052
0.613065
0.613049
0.613058
0.613031
0.613041
0.613035
0.613047
0.613046
0.613038
0.613055
0.613078
0.613078
0.613079
0.613071
0.613055
0.613055
0.613048
0.613029
0.613036
0.613011
0.613012
0.613009
0.612995
0.612971
0.61297
0.612981
0.612995
0.613026
0.613015
0.613027
0.613041
0.613072
0.613072
0.613077
0.613083
0.613098
0.613096
0.613101
0.6131
0.613109
0.613101
0.613118
0.613121
0.613142
0.613176
0.613206
0.613219
0.61323
0.613238
0.613244
0.613262
0.613273
0.613298
0.613318
0.613303
0.613305
0.613305
0.613302
0.613294
0.613303
0.613298
0.613302
0.613322
0.61331
0.613353
0.613383
0.613389
0.613405
0.613419
0.613408
0.613437
0.613444
0.613439
0.613474
0.613474
0.613467
0.613465
0.613465
0.613424
0.613398
0.613408
0.613411
0.613424
0.613422
0.61342
0.61345
0.613463
0.613469
0.613463
0.613449
0.61345
0.613457
0.613454
0.613465
0.613473
0.613476
0.613452
0.613444
0.613448
0.613451
0.613452
0.613462
0.613457
0.613471
0.613502
0.613488
0.613486
0.613491
0.613505
0.613489
0.613492
0.613498
0.613492
0.613517
0.613524
0.613533
0.613559
0.613567
0.613573
0.613576
0.613598
0.613601
0.613611
0.613613
0.613628
0.613638
0.613629
0.613619
0.613641
0.613645
0.613631
0.613637
0.613635
0.613627
0.613628
0.613627
0.613631
0.613656
0.613667
0.613687
0.613684
0.613667
0.613685
0.613693
0.613681
0.613674
0.613672
0.613682
0.613667
0.613671
0.613665
0.613668
0.613634
0.613647
0.613648
0.613648
0.613655
0.613666
0.613656
0.613628
0.613616
0.613616
0.613581
0.61359
0.613578
0.613581
0.613558
0.613555
0.613576
0.613561
0.61356
0.613564
0.613575
0.613551
0.613536
0.613522
0.613522
0.613512
0.613528
0.613538
0.613537
0.61355
0.613538
0.613544
0.613514
0.613504
0.613472
0.613475
0.613487
0.613499
0.613491
0.613485
0.613518
0.613532
0.613542
0.613536
0.613524
0.613512
0.613522
0.613519
0.61354
0.613549
0.613559
0.613568
0.613556
0.613556
0.613565
0.613561
0.613554
0.613525
0.613513
0.613496
0.613487
0.6135
0.613507
0.613496
0.613494
0.613489
0.613485
0.613471
0.613467
0.613465
0.613459
0.613443
0.613448
0.613464
0.613451
0.613455
0.613465
0.613444
0.613438
0.613456
0.613459
0.61346
0.613457
0.613456
0.613452
0.613441
0.613421
0.61344
0.613448
0.613467
0.613448
0.613436
0.613433
0.613418
0.61343
0.613443
0.61344
0.613437
0.613424
0.613454
0.613442
0.613432
0.613454
0.613463
0.613461
0.613443
0.613442
0.613469
0.613473
0.613489
0.613457
0.613462
0.613473
0.613479
0.613482
0.613491
0.613505
0.613525
0.613524
0.613523
0.613523
0.613543
0.613545
0.61356
0.61355
0.61355
0.613552
0.613536
0.61355
0.613557
0.613557
0.613567
0.613562
0.613569
0.613579
0.613581
0.613579
0.613575
0.613594
0.613602
0.613605
0.613614
0.613603
0.613599
0.613597
0.613614
0.613609
0.613614
0.613621
0.613626
0.61363
0.613624
0.6136
0.613592
0.613595
0.61361
0.61361
0.613587
0.61358
0.613584
0.613594
0.613593
0.613607
0.613612
0.613619
0.613624
0.613642
0.613661
0.613648
0.613642
0.613639
0.613658
0.613647
0.613641
0.613631
0.613637
0.613618
0.61362
0.613616
0.613601
0.613608
0.613608
0.613601
0.613592
0.613582
0.613571
0.613581
0.613603
0.613612
0.613605
0.613613
0.613621
0.613612
0.613606
0.613609
0.613612
0.613611
0.613624
0.613625
0.613629
0.613634
0.613618
0.613609
0.613585
0.613606
0.613614
0.613611
0.613636
