0.353659
0.454087
0.491456
0.498993
0.505433
0.506757
0.509477
0.512238
0.509303
0.511437
0.515203
0.516414
0.517503
0.518799
0.517443
0.519213
0.516536
0.517189
0.518101
0.518638
0.520591
0.520237
0.52178
0.522346
0.523563
0.523947
0.525961
0.52605
0.526548
0.52751
0.526987
0.527161
0.527139
0.527007
0.527394
0.527497
0.528253
0.528268
0.528092
0.528883
0.529277
0.52997
0.529871
0.529465
0.528731
0.528091
0.529156
0.529666
0.530143
0.53088
0.531553
0.531242
0.53083
0.530564
0.531243
0.53196
0.531854
0.531358
0.531628
0.531502
0.531849
0.532735
0.53219
0.532018
0.532213
0.532813
0.533007
0.532537
0.532626
0.532763
0.532611
0.531824
0.531701
0.531811
0.532073
0.531931
0.532239
0.532164
0.532475
0.532931
0.533614
0.533919
0.532902
0.532467
0.532757
0.5324
0.532588
0.532773
0.532686
0.532876
0.533532
0.533634
0.533845
0.533992
0.534544
0.533996
0.534107
0.53381
0.533247
0.533603
0.534442
0.534398
0.534632
0.534688
0.534565
0.534669
0.534626
0.534504
0.53474
0.535024
0.534922
0.534958
0.535381
0.53567
0.535776
0.535308
0.535367
0.535104
0.534953
0.535292
0.535742
0.535489
0.535777
0.53562
0.535672
0.535866
0.535961
0.535937
0.535989
0.535441
0.535953
0.535711
0.535733
0.535934
0.535759
0.53552
0.535692
0.535765
0.535671
0.535532
0.535345
0.534883
0.535181
0.53516
0.535293
0.535318
0.535599
0.535645
0.535829
0.535749
0.53602
0.536204
0.536044
0.535858
0.535768
0.535629
0.535521
0.535277
0.535182
0.535312
0.535301
0.535187
0.535203
0.535192
0.535126
0.535337
0.535395
0.535211
0.535427
0.535446
0.535224
0.535299
0.535136
0.535188
0.535146
0.534842
0.53484
0.534672
0.534478
0.534559
0.53462
0.534871
0.535026
0.535097
0.535255
0.53542
0.53545
0.535449
0.535688
0.535595
0.535558
0.53525
0.535175
0.53496
0.53513
0.534949
0.535073
0.535056
0.535281
0.535391
0.535353
0.535627
0.535311
0.535253
0.535249
0.534924
0.535033
0.534826
0.534673
0.534683
0.534694
0.534796
0.534535
0.534497
0.534463
0.534508
0.534564
0.534418
0.534222
0.534398
0.534339
0.534251
0.534422
0.534665
0.534853
0.534528
0.534692
0.534853
0.534811
0.534602
0.534623
0.534618
0.534641
0.534385
0.534556
0.534408
0.534401
0.534329
0.534299
0.534368
0.534152
0.534089
0.53417
0.534056
0.533946
0.533784
0.533539
0.533556
0.533583
0.533484
0.533686
0.533602
0.533443
0.533447
0.533425
0.533557
0.53356
0.533564
0.533553
0.533674
0.53388
0.534141
0.534279
0.5342
0.534282
0.534144
0.534085
0.534032
0.533969
0.533884
0.53371
0.533862
0.533949
0.533782
0.533659
0.533572
0.533755
0.533715
0.533628
0.533642
0.533588
0.53366
0.533636
0.533819
0.533914
0.533807
0.533805
0.533785
0.533714
0.533801
0.533631
0.533681
0.533785
0.533851
0.533884
0.533641
0.533763
0.533712
0.533817
0.533919
0.533959
0.534015
0.534076
0.534175
0.534112
0.533928
0.534014
0.533918
0.533864
0.533867
0.533805
0.533813
0.533717
0.533655
0.533753
0.533623
0.533751
0.533759
0.533913
0.533886
0.53384
0.533876
0.533995
0.533982
0.53394
0.533875
0.533817
0.533975
0.533791
0.533898
0.533926
0.534061
0.534157
0.53407
0.534018
0.533899
0.533825
0.533969
0.53414
0.534169
0.534189
0.534238
0.534154
0.534127
0.534165
0.534088
0.533953
0.534096
0.534214
0.534195
0.534107
0.534087
0.534223
0.534236
0.534367
0.53446
0.534474
0.534397
0.534247
0.534136
0.534246
0.534266
0.534338
0.534313
0.534246
0.53426
0.534401
0.534357
0.534403
0.534358
0.534483
0.534515
0.534435
0.534398
0.534445
0.534548
0.534493
0.534488
0.534399
0.534249
0.53414
0.534169
0.534186
0.534129
0.534033
0.534039
0.533918
0.533907
0.533821
0.533813
0.533719
0.533789
0.533813
0.533779
0.533828
0.53383
0.533845
0.533975
0.533961
0.533877
0.533825
0.533748
0.533865
0.533999
0.533952
0.534014
0.534131
0.534011
0.533904
0.533891
0.533903
0.533989
0.533891
0.53379
0.533709
0.533649
0.53353
0.533572
0.533542
0.533627
0.533547
0.533468
0.53338
0.533373
0.533229
0.533143
0.533036
0.533063
0.533046
0.532993
0.532922
0.532908
0.532984
0.532987
0.532994
0.533015
0.533041
0.532998
0.533019
0.533002
0.532967
0.532917
0.53284
0.532668
0.532692
0.532621
0.532672
0.532641
0.532647
0.532707
0.53274
0.532767
0.532787
0.532766
0.532777
0.532643
0.532584
0.532647
0.532632
0.532676
0.532666
0.532783
0.532855
0.532818
0.532757
0.532757
0.532706
0.532649
0.532592
0.532716
0.532687
0.532705
0.532732
0.532687
0.532635
0.532566
0.532683
0.532623
0.532651
0.532681
0.532703
0.532742
0.532771
0.532759
0.532765
0.532744
0.532721
0.532705
0.53268
0.532813
0.532775
0.532755
0.532732
0.532784
0.532808
0.532768
0.532665
0.53266
0.532562
0.532527
0.532516
0.532521
0.532481
0.532508
0.532628
0.532749
0.532641
0.532466
0.532478
0.53253
0.532465
0.532415
0.532399
0.53242
0.532433
0.532355
0.532376
0.532322
0.532246
0.53231
0.532313
0.532368
0.532364
0.532322
0.532281
0.532328
0.532333
0.532354
0.532374
0.532367
0.532382
0.532418
0.532521
0.532573
0.532521
0.532437
0.532378
0.532366
0.532324
0.532318
0.532348
0.532264
0.532193
0.532282
0.532353
0.532421
0.532412
0.532345
0.532199
0.532249
0.53227
0.532302
0.532306
0.532279
0.532199
0.532126
0.532151
0.53213
0.532181
0.532175
0.532112
0.532153
0.532141
0.532177
0.532184
0.532095
0.532194
0.532197
0.532277
0.532362
0.532436
0.532345
0.532342
0.53232
0.532314
0.532292
0.53225
0.532253
0.532213
0.532257
0.532311
0.532358
0.532289
0.532285
0.532361
0.532405
0.532477
0.532354
0.532349
0.532349
0.532311
0.532392
0.53231
0.532283
0.532249
0.532214
0.532246
0.532205
0.532159
0.532162
0.532204
0.532291
0.532181
0.532154
0.532146
0.532187
0.532179
0.532199
0.532221
0.532246
0.532207
0.532248
0.532365
0.532376
0.532367
0.532428
0.532403
0.532494
0.532537
0.532584
0.532552
0.532478
0.532439
0.532373
0.532418
0.532398
0.532356
0.53237
0.532418
0.532479
0.532472
0.532498
0.532501
0.532457
0.53247
0.53243
0.532503
0.532524
0.532516
0.532479
0.532446
0.532423
0.53243
0.53242
0.532406
0.532441
0.532402
0.532426
0.532441
0.532389
0.532413
0.532422
0.532476
0.532541
0.53251
0.532558
0.532562
0.532518
0.532521
0.532556
0.532584
0.532744
0.532741
0.532808
0.532896
0.532889
0.53292
0.532881
0.532931
0.53289
0.532816
0.532887
0.532923
0.532876
0.532873
0.5329
0.532898
0.532877
0.53294
0.532969
0.532996
0.533006
0.533024
0.532955
0.532884
0.532894
0.532909
0.532929
0.532947
0.532886
0.532928
0.532919
0.532973
0.532977
0.532932
0.532913
0.532842
0.532838
0.532861
0.532856
0.532876
0.532898
0.532937
0.533026
0.532985
0.533011
0.532984
0.532907
0.53291
0.532844
0.532853
0.532905
0.532916
0.532993
0.532993
0.532977
0.533019
0.533005
0.533089
0.533006
0.53299
0.532977
0.532972
0.532939
0.532922
0.532944
0.532921
0.53289
0.53295
0.533013
0.533033
0.532994
0.533003
0.533026
0.533016
0.533091
0.533089
0.533135
0.533136
0.533154
0.533148
0.533185
0.533173
0.533157
0.533196
0.533178
0.533204
0.53316
0.533172
0.533196
0.533213
0.533281
0.533287
0.533287
0.533225
0.533143
0.5331
0.533092
0.533114
0.533109
0.533133
0.533155
0.533227
0.533248
0.533235
0.533212
0.533182
0.533215
0.533242
0.533268
0.533271
0.533235
0.533321
0.533314
0.533311
0.533347
0.533347
0.533335
0.533242
0.533204
0.533176
0.533208
0.533139
0.533152
0.533146
0.533097
0.533104
0.533046
0.532994
0.532925
0.532847
0.532845
0.532841
0.532846
0.532863
0.532815
0.532804
0.532735
0.532673
0.532668
0.532685
0.53273
0.53274
0.532717
0.532685
0.532696
0.532742
0.532735
0.532793
0.532778
0.532753
0.532716
0.532723
0.53277
0.532685
0.532704
0.532794
0.532844
0.532857
0.532896
0.532957
0.533034
0.532997
0.532995
0.532966
0.532927
0.532931
0.532925
0.532923
0.532958
0.533024
0.533078
0.533055
0.533003
0.532992
0.532938
0.532925
0.532896
0.532892
0.532917
0.5329
0.532942
0.532996
0.532994
0.532962
0.53298
0.532917
0.532926
0.532926
0.532955
0.533008
0.533002
0.532848
0.532878
0.532893
0.532885
0.53287
0.532845
0.532897
0.532834
0.532843
0.532838
0.532824
0.532862
0.532847
0.532829
0.53283
0.532816
0.532823
0.532823
0.532781
0.532841
0.532836
0.532765
0.532726
0.532731
0.532737
0.532781
0.532745
0.532701
0.532681
0.532672
0.53263
0.532632
0.532623
0.532656
0.532698
0.532709
0.532667
0.532643
0.532627
0.532634
0.532602
0.532587
0.532565
0.532581
0.532583
0.532592
0.532637
0.532616
0.532631
0.532631
0.532624
0.532633
0.532631
0.532676
0.532663
0.53267
0.532697
0.532715
0.532758
0.532832
0.532879
0.532902
0.532924
0.532926
0.532918
0.532972
0.532961
0.532926
0.532901
0.53284
0.532875
0.532837
0.53291
0.532985
0.532976
0.533014
0.533008
0.533001
0.532954
0.532966
0.533043
0.533045
0.53307
0.533104
0.533126
0.533118
0.533114
0.53308
0.533036
0.533063
0.533034
0.533018
0.53302
0.533057
0.53308
0.533016
0.533006
0.533017
0.533029
0.533041
0.53301
0.532956
0.53298
0.532966
0.532942
0.532916
0.532889
0.532932
0.532934
0.532937
0.532944
0.533041
0.53305
0.533032
0.53304
0.533036
0.533058
0.533082
0.533049
0.53306
0.533065
0.533035
0.533035
0.533068
0.533045
0.533092
0.533093
0.533098
0.533079
0.533068
0.533049
0.533039
0.533045
0.533057
0.533093
0.5331
0.533073
0.533046
0.533022
0.533017
0.532974
0.533017
0.53299
0.533022
0.533055
0.533077
0.533072
0.53309
0.533102
0.533097
0.533154
0.533147
0.533166
0.533164
0.533203
0.533216
0.533219
0.533277
0.533289
0.53329
0.533282
0.533267
0.533239
0.533227
0.5332
0.533217
0.533201
0.53319
0.533132
0.53315
0.53316
0.53312
0.533146
0.533197
0.533217
0.533215
0.533217
0.533218
0.533205
0.533168
0.533227
0.533217
0.533257
0.533289
0.533278
0.533279
0.533281
0.533282
0.53329
0.533291
0.533337
0.533363
0.533359
0.533316
0.533316
0.533268
0.533282
0.533287
0.533298
0.533338
0.53331
0.533289
0.533295
0.533308
0.53331
0.533345
0.533332
0.533314
0.533315
0.533305
0.533374
0.533317
0.533274
0.533307
0.533378
0.533342
0.533309
0.533372
0.533391
0.533432
0.533478
0.533514
0.533479
0.53343
0.533433
0.533428
0.533417
0.533385
0.533384
0.533393
0.533399
0.533376
0.533358
0.533371
0.533392
0.533402
0.533409
0.533404
0.5334
0.533385
0.533394
0.533425
0.533446
0.533428
0.533438
0.53345
0.533476
0.533462
0.533445
0.533444
0.533414
0.53341
0.533364
0.533381
0.533361
0.533351
0.533355
0.533368
0.533374
0.533358
0.533352
0.533315
0.53326
0.53321
0.533215
0.533214
0.533211
0.533232
0.533231
0.533253
0.533253
0.533263
0.533244
0.533221
0.533211
0.533223
0.533267
0.533307
0.533347
0.533328
0.533314
0.533323
0.533351
0.533309
0.533313
0.533281
0.533255
0.533286
0.533243
0.53321
0.533224
0.533223
0.533203
0.533184
0.533168
0.533121
0.533174
0.533166
0.533131
0.533081
0.533037
0.533007
0.533045
0.533065
0.53306
0.533071
0.533081
0.533079
0.533092
0.533051
0.533076
0.533091
0.533126
0.53312
0.533146
0.533122
0.533107
0.533092
0.533111
0.533114
0.533148
0.5331
0.533106
0.533075
0.53309
0.533084
0.533103
0.533078
0.533134
0.533127
0.533105
0.533096
0.533111
0.533137
0.533148
0.533164
0.533179
0.53319
0.53318
0.53313
0.533167
0.533121
0.533108
0.533058
0.533062
0.533058
0.533054
0.533108
0.533123
0.533136
0.533125
0.533132
0.533144
0.533137
0.533118
0.53318
0.53317
0.533164
0.533169
0.533194
0.533207
0.533238
0.533234
0.533204
0.53322
0.533248
0.533222
0.533238
0.533248
0.533263
0.533261
0.533244
0.533256
0.533247
0.533254
0.533295
0.533302
0.533301
0.533281
0.533288
0.533325
0.533351
0.533321
0.533311
0.533345
0.533353
0.533315
0.533278
0.533286
0.533365
0.533348
0.533384
0.533376
0.533355
0.533339
0.533342
0.533325
0.533372
0.533373
0.533387
0.5334
0.533441
0.53341
0.533404
0.533377
0.533385
0.533416
0.533388
0.533384
0.533365
0.533345
0.533319
0.533319
0.533345
0.533354
0.533311
0.533333
0.533357
0.533367
0.533326
0.533349
0.533317
0.533325
0.533304
0.533362
0.533342
0.533328
0.533345
0.533358
0.533342
0.533343
0.533318
0.533337
0.533326
0.533349
0.533372
0.533346
0.533331
0.533363
0.533371
0.533382
0.533423
0.533393
0.533425
0.533441
0.533443
0.533464
0.533488
0.533465
0.53348
0.533472
0.533476
0.533437
0.533431
0.533434
0.533478
0.533431
0.533428
0.533411
0.533448
0.533453
0.533429
0.533409
0.53337
0.533372
0.533409
0.533415
0.533404
0.533403
0.533421
0.533424
0.533414
0.533374
0.53337
0.533365
0.533379
0.533373
0.533353
0.533379
0.533418
0.533392
0.533427
0.53343
0.533402
0.533407
0.533402
0.533404
0.533419
0.533409
0.533406
0.533412
0.533389
0.533391
0.533369
0.533335
0.533343
0.533333
0.533336
0.533303
0.533309
0.533324
0.533326
0.533332
0.533313
0.5333
0.533287
0.533297
0.533302
0.533318
0.533306
0.533264
0.533243
0.533203
0.533218
0.533234
0.533206
0.533253
0.533264
0.533243
0.533231
0.533264
0.533273
0.533279
0.533272
0.533289
0.533321
0.533342
0.533357
0.533359
0.53337
0.533357
0.533382
0.533434
0.533436
0.533378
0.533382
0.533379
0.533366
0.533357
0.533345
0.533356
0.533327
0.533361
0.533339
0.533297
0.53331
0.533313
0.533327
0.533339
0.533354
0.533389
0.533388
0.533381
0.533361
0.533375
0.533397
0.533397
0.533376
0.533353
0.533341
0.533314
0.533341
0.533392
0.533385
0.533393
0.533395
0.533395
0.533386
0.533358
0.533314
0.533276
0.533266
0.53325
0.533276
0.533251
0.533248
0.533246
0.533234
0.533214
0.533232
0.533234
0.533236
0.533251
0.533253
0.533233
0.533177
0.533164
0.53317
0.533173
0.533149
0.533149
0.53317
0.533184
0.533233
0.533234
0.533233
0.533235
0.533246
0.533223
0.53322
0.533204
0.533194
0.533136
0.533117
0.533105
0.533135
0.53313
0.533147
0.533173
0.533173
0.533144
0.533138
0.533162
0.53318
0.53317
0.533157
0.533134
0.533135
0.533159
0.533148
0.533147
0.533151
0.533166
0.533153
0.533172
0.533189
0.533169
0.533151
0.533161
0.533167
0.533195
0.533242
0.533239
0.533241
0.533243
0.533216
0.533198
0.533197
0.533185
0.533173
0.53314
0.533122
0.533141
0.533115
0.533113
0.533131
0.533147
0.533157
0.533149
0.533147
0.533149
0.533151
0.533139
0.533163
0.533157
0.533143
0.533128
0.533139
0.533153
0.533183
0.533207
0.533214
0.533269
0.533272
0.533289
0.533311
0.533328
0.533348
0.533363
0.533357
0.533365
0.533372
0.533382
0.533363
0.533359
0.533356
0.533349
0.533358
0.533369
0.533381
0.533417
0.533422
0.533445
0.533456
0.533454
0.533461
0.533492
0.533523
0.533516
0.533509
0.533504
0.533505
0.533471
0.533471
0.533501
0.533484
0.53349
0.533499
0.533522
0.533511
0.533487
0.533506
0.533492
0.533512
0.533507
0.533508
0.533489
0.533504
0.533516
0.533516
0.533525
0.533521
0.533527
0.533569
0.533574
0.533555
0.533576
0.533576
0.533563
0.533577
0.533546
0.533524
0.533534
0.53353
0.533489
0.533471
0.533468
0.533467
0.533472
0.533473
0.533485
0.533463
0.533454
0.533464
0.533478
0.533518
0.533533
0.533539
0.533525
0.533537
0.53355
0.533509
0.533484
0.533494
0.533493
0.533505
0.533517
0.533547
0.533548
0.533542
0.533552
0.533551
0.53353
0.533508
0.533508
0.533518
0.53352
0.533526
0.533552
0.533548
0.533546
0.533553
0.533546
0.533567
0.533553
0.533547
0.533534
0.53352
0.533552
0.533523
0.533515
0.533523
0.533552
0.533565
0.533582
0.533597
0.533544
0.533562
0.533549
0.533539
0.533525
0.53351
0.533506
0.533503
0.533526
0.533491
0.53346
0.533441
0.533426
0.533464
0.533473
0.53349
0.533525
0.533562
0.533603
0.533613
0.533609
0.533616
0.533613
0.533635
0.533617
0.53365
0.533633
0.533637
0.533635
0.53364
0.533639
0.533623
0.53363
0.533621
0.533622
0.533593
0.533634
0.533646
0.533638
0.533631
0.533671
0.53367
0.533674
0.53369
0.5337
0.533683
0.533688
0.533682
0.533689
0.533673
0.533687
0.533667
0.533687
0.53365
0.53369
0.533658
0.533676
0.533701
0.533673
0.533718
0.533733
0.53375
0.533782
0.533768
0.533739
0.533746
0.533729
0.533718
0.533733
0.533741
0.533734
0.533703
0.533731
0.533722
0.533711
0.533705
0.533675
0.533681
0.533697
0.533698
0.533685
0.533675
0.53365
0.533642
0.533642
0.533627
0.533612
0.533566
0.533591
0.533588
0.533555
0.533558
0.533538
0.53357
0.533587
0.533569
0.533578
0.533595
0.53357
0.533577
0.533542
0.533548
0.533577
0.53356
0.533579
0.533621
0.533616
0.533632
0.533628
0.533602
0.533576
0.533566
0.533542
0.533551
0.53352
0.533534
0.533546
0.533534
0.533518
0.533503
0.533496
0.533521
0.533517
0.533511
0.533507
0.533506
0.533526
0.533495
0.533488
0.533468
0.533469
0.533454
0.533443
0.533428
0.533403
0.533414
0.53342
0.533418
0.53341
0.533421
0.533432
0.533449
0.533448
0.533461
0.533471
0.533464
0.533447
0.533435
0.533455
0.533438
0.533433
0.533443
0.533423
0.533443
0.533482
0.533486
0.533475
0.533465
0.533464
0.533472
0.533499
0.53351
0.533501
0.533474
0.533488
0.533496
0.533488
0.53349
0.533458
0.533419
0.533406
0.53342
0.533392
0.533368
0.533346
0.533341
0.533342
0.533348
0.533335
0.53333
0.53331
0.533283
0.533276
0.533324
0.53334
0.533339
0.533326
0.53332
0.533329
0.533337
0.533367
0.533378
0.533388
0.533373
0.533368
0.533355
0.53334
0.533351
0.533361
0.533349
0.533372
0.533392
0.533388
0.533371
0.533363
0.53336
0.533358
0.533339
0.533333
0.533324
0.533297
0.533285
0.533292
0.53331
0.53334
0.533353
0.533335
0.533331
0.533345
0.53335
0.53335
0.533356
0.533347
0.533359
0.533355
0.533362
0.533329
0.533365
0.533343
0.533371
0.533403
0.533384
0.533408
0.533422
0.533418
0.533464
0.533464
0.533474
0.533426
0.533425
0.53343
0.533437
0.533398
0.53342
0.533417
0.533429
0.533441
0.533447
0.533437
0.533451
0.533451
0.533431
0.533443
0.533489
0.533476
0.533463
0.533471
0.533488
0.533495
0.533505
0.533497
0.533483
0.533459
0.533448
0.533454
0.533486
0.533507
0.533509
0.533458
0.533424
0.533432
0.533455
0.533434
0.533432
0.533437
0.533435
0.533466
0.533449
0.533433
0.533428
0.533411
0.533409
0.533376
0.533397
0.533412
0.533434
0.53345
0.53344
0.533433
0.533424
0.533449
0.533465
0.533478
0.533475
0.533492
0.533491
0.533488
0.533501
0.533508
0.533494
0.533493
0.533521
0.533511
0.53351
0.533487
0.533494
0.533501
0.533493
0.533505
0.533502
0.533509
0.533521
0.533512
0.533509
0.533494
0.533513
0.533499
0.533493
0.533479
0.533497
0.533505
0.533506
0.533506
0.533515
0.533495
0.533519
0.533504
0.533507
0.53355
0.533549
0.53355
0.533549
0.533532
0.53354
0.533557
0.53355
0.533542
0.533533
0.533514
0.533517
0.533518
0.533508
0.533512
0.533518
0.53352
0.533514
0.533518
