0.429104
0.5
0.513548
0.516224
0.52769
0.537419
0.530885
0.530347
0.527647
0.527984
0.525177
0.527926
0.528295
0.526129
0.524341
0.5246
0.523904
0.522182
0.525074
0.527254
0.529029
0.527603
0.527843
0.529678
0.531257
0.52901
0.527461
0.527082
0.526709
0.526044
0.524865
0.525341
0.525821
0.527128
0.525815
0.526325
0.526848
0.52788
0.528169
0.527846
0.528085
0.529498
0.529149
0.528347
0.527643
0.528571
0.529506
0.529751
0.530473
0.530933
0.530358
0.531349
0.53119
0.531842
0.531513
0.532347
0.532256
0.53142
0.531729
0.531055
0.531558
0.531159
0.53177
0.532756
0.532629
0.533658
0.533614
0.533938
0.533913
0.534214
0.534211
0.533831
0.533704
0.533946
0.5343
0.533978
0.532633
0.532355
0.532135
0.532082
0.531615
0.531732
0.531993
0.53197
0.531602
0.531709
0.531315
0.531214
0.530953
0.530649
0.531113
0.53093
0.531004
0.531345
0.53123
0.531374
0.531557
0.531949
0.532035
0.531557
0.531218
0.531612
0.530535
0.530369
0.530639
0.530851
0.531094
0.531191
0.531154
0.531091
0.531528
0.531615
0.531672
0.531894
0.531876
0.532329
0.531947
0.531718
0.5324
0.532587
0.532373
0.532726
0.532767
0.532705
0.532841
0.532976
0.532737
0.532543
0.532443
0.532428
0.53249
0.532228
0.531928
0.532085
0.532541
0.532923
0.532919
0.532938
0.533081
0.533251
0.533205
0.532907
0.532754
0.532771
0.532612
0.532569
0.532602
0.532113
0.53155
0.531336
0.531256
0.531746
0.53175
0.531895
0.532231
0.532419
0.532409
0.53227
0.531648
0.531728
0.531839
0.531722
0.531817
0.532132
0.531972
0.532201
0.53234
0.532318
0.532451
0.532593
0.532764
0.532531
0.532414
0.53287
0.532891
0.53288
0.533009
0.533163
0.532929
0.533225
0.533408
0.533454
0.533173
0.533587
0.533482
0.533778
0.533866
0.534129
0.534169
0.533976
0.534232
0.534621
0.534951
0.534987
0.535231
0.535267
0.535511
0.535456
0.535576
0.535418
0.535787
0.535549
0.535319
0.535101
0.535264
0.535337
0.535352
0.535292
0.535353
0.535458
0.535508
0.535405
0.535317
0.53518
0.535117
0.535255
0.53479
0.534769
0.534693
0.534887
0.534738
0.53478
0.534595
0.534659
0.534436
0.534321
0.534319
0.534502
0.534771
0.535013
0.535143
0.534817
0.534747
0.534848
0.534736
0.534602
0.534259
0.534038
0.534185
0.533993
0.533922
0.534254
0.534493
0.534709
0.534772
0.535015
0.534974
0.534876
0.535023
0.534672
0.534488
0.534729
0.534655
0.534519
0.534459
0.534325
0.534154
0.533954
0.533794
0.533794
0.533677
0.533863
0.533775
0.53373
0.533508
0.533365
0.533337
0.533411
0.533549
0.533601
0.533635
0.533953
0.534178
0.534134
0.5341
0.534202
0.534286
0.534345
0.534396
0.534498
0.534176
0.533954
0.5339
0.53382
0.533753
0.533681
0.533688
0.533659
0.533792
0.533715
0.533981
0.533883
0.533749
0.533709
0.533743
0.53374
0.533855
0.533891
0.533775
0.533749
0.533747
0.533865
0.533782
0.533949
0.534056
0.534089
0.534084
0.534106
0.533805
0.533779
0.534102
0.534183
0.534346
0.534513
0.534669
0.534686
0.534765
0.534736
0.534836
0.534615
0.534513
0.534489
0.534648
0.534704
0.534813
0.534725
0.53476
0.534901
0.535074
0.535081
0.53514
0.535288
0.535515
0.535494
0.535375
0.535169
0.53526
0.535348
0.535343
0.535346
0.535253
0.535145
0.535075
0.535137
0.535037
0.534978
0.534805
0.534697
0.534687
0.534845
0.534863
0.534861
0.534993
0.535
0.534959
0.534785
0.534833
0.534979
0.534949
0.534779
0.534726
0.534768
0.534949
0.535072
0.535144
0.535193
0.535398
0.535525
0.53539
0.535544
0.535479
0.535437
0.535483
0.535452
0.535285
0.53526
0.53505
0.535129
0.535335
0.535465
0.53534
0.535386
0.535412
0.535467
0.535629
0.535398
0.535665
0.535766
0.535693
0.535803
0.535867
0.535734
0.535598
0.535494
0.535459
0.535182
0.535228
0.535321
0.535309
0.535317
0.535272
0.535275
0.53527
0.535323
0.535538
0.535732
0.535678
0.535598
0.53561
0.535776
0.535687
0.535759
0.535639
0.535837
0.535754
0.53576
0.5358
0.535928
0.535737
0.535959
0.535822
0.53576
0.535792
0.535726
0.535802
0.535725
0.535911
0.535836
0.535668
0.535679
0.535516
0.535478
0.535471
0.535404
0.535275
0.535218
0.535267
0.535264
0.535277
0.535326
0.53529
0.535162
0.535092
0.535087
0.534975
0.53503
0.535019
0.534855
0.534874
0.534829
0.534833
0.534748
0.534839
0.534751
0.534805
0.534947
0.534764
0.534741
0.534775
0.534772
0.534891
0.535077
0.535155
0.535064
0.534916
0.534935
0.535018
0.535077
0.535093
0.534925
0.534997
0.535022
0.534994
0.534865
0.534692
0.534692
0.534529
0.534308
0.534262
0.534052
0.53421
0.534158
0.534119
0.534196
0.534027
0.533888
0.533917
0.533905
0.533915
0.533808
0.533789
0.533809
0.533627
0.533722
0.533929
0.534028
0.533905
0.533977
0.533966
0.533982
0.533986
0.534072
0.534187
0.534214
0.534296
0.534255
0.534184
0.534115
0.534181
0.534206
0.534158
0.534192
0.534204
0.534375
0.534407
0.534295
0.534339
0.534376
0.534297
0.534182
0.534199
0.534369
0.534355
0.534301
0.534292
0.534293
0.534414
0.534403
0.534375
0.534383
0.534335
0.53426
0.534251
0.534198
0.534144
0.534097
0.534042
0.533941
0.533938
0.533864
0.533796
0.533706
0.533765
0.533821
0.533814
0.533774
0.53381
0.533783
0.533598
0.533564
0.533688
0.533806
0.533851
0.533947
0.533947
0.53407
0.534089
0.534273
0.534228
0.534237
0.534152
0.534296
0.534276
0.534269
0.53435
0.534365
0.534395
0.534434
0.534366
0.534317
0.53426
0.53429
0.534361
0.534416
0.534528
0.534593
0.534582
0.534595
0.534523
0.534422
0.534505
0.534612
0.534663
0.534634
0.534647
0.534744
0.534692
0.534719
0.534661
0.534705
0.534754
0.534783
0.53478
0.53468
0.534693
0.534667
0.534799
0.534714
0.534721
0.53482
0.534794
0.534759
0.534798
0.534839
0.534937
0.534878
0.534929
0.534847
0.534805
0.534878
0.534784
0.534897
0.534955
0.534885
0.534931
0.534941
0.534993
0.535084
0.535072
0.535115
0.535217
0.535115
0.535013
0.535043
0.535176
0.53526
0.535229
0.535267
0.535303
0.535428
0.535377
0.535209
0.535123
0.535112
0.535026
0.535046
0.535085
0.534981
0.535067
0.53503
0.53501
0.535084
0.535064
0.535081
0.535083
0.535061
0.535025
0.53492
0.534974
0.535113
0.535152
0.535174
0.535186
0.535168
0.535223
0.535247
0.535192
0.535254
0.535277
0.535227
0.535141
0.535049
0.535058
0.535173
0.53512
0.535242
0.535178
0.535297
0.535256
0.53526
0.535359
0.53534
0.535363
0.53544
0.535362
0.535375
0.535404
0.535351
0.535368
0.535248
0.535139
0.535085
0.53509
0.535129
0.535122
0.535207
0.535184
0.535181
0.535065
0.534924
0.534831
0.534793
0.534756
0.534731
0.534744
0.534756
0.534715
0.534671
0.534781
0.5348
0.534829
0.534873
0.534826
0.534721
0.534737
0.534732
0.534706
0.534728
0.53478
0.534726
0.534711
0.534704
0.534686
0.534748
0.534842
0.534857
0.534821
0.534741
0.534708
0.53481
0.534732
0.534732
0.534609
0.534639
0.534604
0.534633
0.534695
0.534643
0.534624
0.534614
0.53464
0.534685
0.534843
0.534748
0.534794
0.534766
0.53482
0.534795
0.534803
0.53482
0.534873
0.534862
0.53487
0.534812
0.534869
0.535024
0.534889
0.534925
0.534831
0.534916
0.534946
0.534928
0.534771
0.534818
0.534872
0.534861
0.534878
0.534863
0.534927
0.534895
0.534864
0.534871
0.534856
0.534848
0.534867
0.534773
0.534872
0.534816
0.534697
0.534664
0.534699
0.534734
0.534728
0.534745
0.53475
0.534762
0.534693
0.534707
0.534709
0.534708
0.534736
0.53474
0.53468
0.534746
0.534695
0.534625
0.534648
0.534556
0.534559
0.534516
0.534465
0.534556
0.534441
0.534451
0.534507
0.534492
0.534478
0.534513
0.534535
0.534528
0.534605
0.534702
0.534733
0.534756
0.53481
0.534783
0.534861
0.534843
0.534861
0.534842
0.534898
0.534902
0.534856
0.534839
0.534796
0.534808
0.534823
0.535
0.535116
0.535116
0.535074
0.534987
0.535026
0.534984
0.53495
0.535012
0.535077
0.535074
0.535118
0.535141
0.535099
0.53517
0.535181
0.535171
0.535107
0.535131
0.535177
0.53515
0.535074
0.535082
0.535057
0.534989
0.535002
0.535064
0.535036
0.535057
0.53511
0.535052
0.534976
0.535002
0.534948
0.534938
0.534956
0.534971
0.53491
0.534888
0.534875
0.534847
0.534931
0.53497
0.535036
0.534977
0.535004
0.53498
0.53496
0.534995
0.534943
0.534924
0.53495
0.534949
0.534991
0.534979
0.534864
0.534857
0.534855
0.534806
0.534801
0.534725
0.534701
0.534736
0.534696
0.534658
0.534672
0.534701
0.534718
0.534765
0.534829
0.534881
0.53499
0.535032
0.535104
0.535036
0.535057
0.535043
0.535005
0.534937
0.53494
0.534973
0.535001
0.534972
0.534962
0.534986
0.534996
0.534951
0.534916
0.534916
0.534898
0.534894
0.53486
0.534886
0.534823
0.534751
0.534829
0.534843
0.534878
0.534904
0.534906
0.53489
0.534952
0.53492
0.534921
0.534809
0.534854
0.53484
0.534925
0.534981
0.534988
0.535
0.535036
0.535028
0.535044
0.535042
0.535066
0.535087
0.535086
0.535027
0.534944
0.534889
0.53488
0.534777
0.534687
0.534711
0.534711
0.534767
0.534737
0.534842
0.534858
0.534873
0.534865
0.534893
0.53495
0.534995
0.534981
0.53499
0.534976
0.535005
0.535028
0.534948
0.534979
0.535039
0.535028
0.535015
0.535038
0.534975
0.534927
0.534966
0.535022
0.53503
0.535036
0.53504
0.53503
0.535019
0.535061
0.535043
0.535082
0.535123
0.535183
0.535164
0.535121
0.535147
0.53512
0.535066
0.535038
0.535029
0.535054
0.535109
0.535062
0.535009
0.535009
0.534957
0.534937
0.534966
0.534954
0.535037
0.534909
0.534859
0.534911
0.534853
0.534878
0.534889
0.534816
0.534785
0.534847
0.534863
0.534765
0.534808
0.53481
0.534794
0.534736
0.534718
0.534695
0.534625
0.534648
0.53463
0.534662
0.534671
0.534653
0.534644
0.534672
0.534653
0.534576
0.534616
0.534563
0.534522
0.534498
0.534526
0.534578
0.534587
0.534572
0.534505
0.534518
0.534472
0.534514
0.534429
0.534333
0.534384
0.534375
0.534343
0.534369
0.534331
0.534299
0.534247
0.534288
0.534329
0.534364
0.534298
0.534318
0.534261
0.534268
0.534388
0.534386
0.534384
0.534366
0.534343
0.534274
0.534287
0.534404
0.534467
0.53444
0.534464
0.53444
0.534408
0.53439
0.534405
0.534388
0.534402
0.534384
0.534401
0.53437
0.534443
0.534424
0.534424
0.534409
0.534409
0.534407
0.534387
0.534453
0.534458
0.53451
0.534499
0.534502
0.534448
0.534434
0.534435
0.534426
0.534342
0.534321
0.534318
0.53427
0.534278
0.534269
0.534276
0.534215
0.534237
0.534171
0.534178
0.534132
0.534224
0.53427
0.534267
0.534236
0.534204
0.534281
0.534316
0.534249
0.534292
0.534337
0.534306
0.53425
0.534248
0.534253
0.534237
0.534179
0.534227
0.534296
0.534296
0.534272
0.534245
0.534223
0.534259
0.534236
0.534257
0.534324
0.534327
0.53426
0.534254
0.534304
0.534195
0.534135
0.534149
0.534151
0.534207
0.534211
0.534196
0.534191
0.534157
0.534197
0.534196
0.534203
0.534212
0.534211
0.534209
0.534251
0.534289
0.534229
0.534283
0.534261
0.534259
0.534193
0.534249
0.534338
0.534329
0.534283
0.534243
0.534247
0.534295
0.534286
0.534296
0.534258
0.534304
0.534276
0.534336
0.534335
0.534364
0.534336
0.534308
0.534322
0.534272
0.534294
0.534254
0.534268
0.534267
0.534336
0.534309
0.534329
0.53429
0.534332
0.534322
0.534372
0.534359
0.534289
0.53434
0.534295
0.534292
0.534261
0.534249
0.534229
0.53425
0.534215
0.534255
0.534275
0.534299
0.534393
0.534393
0.534352
0.53433
0.534295
0.534281
0.534291
0.534247
0.534301
0.534314
0.534346
0.534343
0.534318
0.534337
0.534301
0.534246
0.534309
0.534311
0.534314
0.534352
0.534366
0.534381
0.534326
0.534293
0.534298
0.534306
0.534323
0.534305
0.53425
0.534226
0.534289
0.534257
0.534275
0.534293
0.534261
0.534227
0.534277
0.534278
0.534277
0.534272
0.534278
0.534281
0.53429
0.534285
0.534325
0.534282
0.53428
0.534224
0.534247
0.534271
0.53432
0.534343
0.534296
0.53431
0.534332
0.534358
0.534362
0.534314
0.534284
0.534269
0.534302
0.534263
0.534233
0.53419
0.534273
0.534281
0.534287
0.534258
0.534259
0.534296
0.534318
0.534305
0.534333
0.534335
0.534339
0.534319
0.534292
0.534316
0.534284
0.53429
0.534292
0.534365
0.534301
0.534327
0.534352
0.534317
0.534363
0.534337
0.534333
0.5343
0.534372
0.534387
0.53438
0.53438
0.534318
0.534277
0.534282
0.5343
0.534307
0.534283
0.53432
0.534398
0.534369
0.534338
0.534384
0.534346
0.534253
0.534255
0.534302
0.534337
0.534311
0.53435
0.534363
0.534438
0.534454
0.534453
0.534385
0.53439
0.534346
0.534362
0.534381
0.534397
0.534453
0.53444
0.534449
0.534438
0.534472
0.534471
0.534407
0.53442
0.534442
0.534405
0.534419
0.534432
0.534426
0.534433
0.534485
0.534406
0.534349
0.534375
0.534408
0.534378
0.534376
0.534392
0.534353
0.534385
0.534414
0.534367
0.53431
0.534361
0.534377
0.534365
0.534368
0.534313
0.5343
0.534314
0.534296
0.534257
0.534236
0.534244
0.53428
0.53436
0.53437
0.534358
0.534385
0.534362
0.534306
0.534355
0.534361
0.53435
0.534334
0.534306
0.534303
0.534293
0.534354
0.534347
0.534316
0.53429
0.534248
0.534193
0.534133
0.534153
0.534196
0.534199
0.534137
0.534142
0.534152
0.534075
0.53411
0.534094
0.534045
0.534047
0.534037
0.534022
0.53401
0.534045
0.534062
0.534018
0.53401
0.53396
0.533899
0.533888
0.533836
0.533859
0.533879
0.533825
0.533892
0.533959
0.534008
0.533979
0.533932
0.533904
0.53391
0.533885
0.533942
0.533955
0.533945
0.533927
0.533911
0.533928
0.533964
0.533966
0.533978
0.53398
0.533997
0.534013
0.534056
0.534085
0.5341
0.534092
0.534051
0.534093
0.534121
0.53412
0.534155
0.5341
0.534073
0.534072
0.534031
0.534047
0.534055
0.534054
0.534067
0.534041
0.534033
0.534027
0.534048
0.534041
0.534044
0.534021
0.534029
0.53404
0.533992
0.533975
0.533992
0.533984
0.533959
0.533977
0.533991
0.533951
0.533966
0.533964
0.533961
0.533963
0.534015
0.534022
0.534022
0.534016
0.534003
0.534052
0.534097
0.534056
0.534043
0.53404
0.53405
0.534083
0.534112
0.534052
0.534033
0.534071
0.534084
0.534104
0.534101
0.534098
0.534084
0.534058
0.5341
0.53414
0.534152
0.53412
0.534173
0.534204
0.534191
0.534156
0.534218
0.534261
0.534252
0.53428
0.534223
0.534253
0.534277
0.534266
0.534274
0.53427
0.534261
0.534225
0.534232
0.534255
0.534277
0.534282
0.534254
0.534237
0.534295
0.534247
0.534202
0.534158
0.534166
0.534185
0.534185
0.534212
0.534153
0.534146
0.534155
0.534183
0.534196
0.534219
0.534207
0.534221
0.534224
0.534239
0.534267
0.53423
0.534207
0.534221
0.534257
0.534264
0.534268
0.534287
0.5343
0.534335
0.534348
0.534331
0.53438
0.534406
0.534387
0.53441
0.534414
0.534395
0.534386
0.534382
0.534351
0.534381
0.534343
0.534346
0.534339
0.534338
0.53431
0.534337
0.534336
0.534375
0.534333
0.534324
0.534283
0.534317
0.534297
0.534302
0.534307
0.534272
0.534273
0.534224
0.534245
0.53426
0.534286
0.534255
0.53426
0.534275
0.534215
0.534269
0.534276
0.534318
0.534345
0.534417
0.534422
0.534472
0.534435
0.534459
0.534432
0.534455
0.534383
0.534341
0.534314
0.534285
0.534288
0.534327
0.534346
0.534336
0.534361
0.534302
0.534323
0.534309
0.534318
0.534289
0.534314
0.534259
0.534284
0.53429
0.534291
0.534308
0.534327
0.53433
0.534336
0.534286
0.534291
0.534276
0.53428
0.534309
0.534346
0.534379
0.534375
0.534375
0.534377
0.534369
0.53434
0.534337
0.534369
0.534382
0.534382
0.534316
0.534345
0.534352
0.53437
0.534363
0.534341
0.53434
0.534338
0.534322
0.534319
0.534357
0.53435
0.534351
0.534375
0.534393
0.534436
0.534486
0.534473
0.534487
0.534432
0.534421
0.534403
0.534398
0.53438
0.534396
0.534398
0.534427
0.534435
0.534412
0.534422
0.534384
0.534331
0.534331
0.534325
0.534351
0.534324
0.534331
0.53434
0.53435
0.534314
0.534363
0.534361
0.534337
0.534344
0.534358
0.534391
0.534396
0.53439
0.53441
0.534402
0.534394
0.534426
0.534437
0.534448
0.534462
0.534461
0.53442
0.53444
0.534451
0.53441
0.534386
0.5344
0.534386
0.53438
0.534362
0.534388
0.534405
0.534434
0.534473
0.534486
0.534494
0.534489
0.534475
0.534514
0.534497
0.534509
0.534531
0.534554
0.53457
0.534561
0.534593
0.534597
0.53458
0.53459
0.534571
0.53458
0.534539
0.534564
0.53456
0.534568
0.534612
0.534606
0.534616
0.534609
0.534643
0.534659
0.53464
0.534606
0.534592
0.534574
0.534541
0.534556
0.534557
0.534551
0.534533
0.534502
0.534477
0.534525
0.534531
0.534486
0.534524
0.534538
0.534529
0.534554
0.534615
0.534602
0.534599
0.534643
0.534621
0.53467
0.534681
0.534697
0.534727
0.534694
0.534684
0.534686
0.534677
0.534674
0.534632
0.534609
0.534613
0.534597
0.534633
0.53465
0.534654
0.53463
0.534641
0.534613
0.534579
0.534596
0.534551
0.534535
0.534558
0.534563
0.534531
0.534557
0.534555
0.534516
0.534507
0.534545
0.534547
0.53457
0.534548
0.534532
0.53453
0.534536
0.534575
0.534516
0.534478
0.534443
0.534469
0.534504
0.534504
0.534488
0.534489
0.534443
0.534479
0.534483
0.534499
0.534479
0.534453
0.534421
0.534419
0.534452
0.534425
0.534428
0.534423
0.534403
0.534414
0.534446
0.534461
0.534486
0.53452
0.534516
0.534523
0.534472
0.534483
0.534478
0.534477
0.534474
0.534498
0.534467
0.534474
0.534454
0.534456
0.534424
0.534419
0.534403
0.534374
0.534373
0.534406
0.534427
0.534444
0.534454
0.53446
0.534442
0.534435
0.534423
0.53437
0.53434
0.534316
0.534312
0.534315
0.534331
0.53433
0.534333
0.534325
0.534294
0.534349
0.534305
0.534293
0.534275
0.534248
0.534277
0.53427
0.53425
0.534247
0.534254
0.53418
0.53419
0.534169
0.534171
0.534163
0.53416
0.534155
0.534188
0.534179
0.53421
0.534206
0.534218
0.534203
0.534211
0.534225
0.534211
0.534204
0.534208
0.534241
0.534272
0.534279
0.534296
0.534299
0.534281
0.534274
0.534266
0.534238
0.534245
0.534258
0.534221
0.534238
0.53426
0.534293
0.534317
0.534312
0.534315
0.534297
0.534312
0.534319
0.534333
0.534329
0.534286
0.534323
0.534321
0.534332
0.534365
0.534366
0.534367
0.534359
0.534349
0.534366
0.534356
0.53435
0.534339
0.534359
0.534376
0.534388
0.534369
0.534337
0.53433
0.534342
0.534355
0.53435
0.534369
0.53436
0.534328
0.53431
0.534298
0.534292
0.5343
0.534283
0.534275
0.534263
0.534256
0.534277
0.534261
0.534295
0.534268
0.534284
0.53428
0.534267
0.534261
0.534268
0.534251
0.534257
0.534261
0.534267
0.534328
0.534321
0.53432
0.534337
0.534357
0.534345
0.534332
0.534319
0.534328
0.534324
0.534296
0.534305
0.534281
0.534308
0.534301
0.534283
0.534315
0.5343
0.534308
0.534328
0.534316
0.534322
0.534294
0.534293
0.534269
0.534243
0.534276
0.534263
0.534286
0.534318
0.534361
0.534376
0.534378
0.534385
0.534391
0.534423
0.53443
0.534457
0.53445
0.534467
0.534475
