0.790598
0.80719
0.809661
0.812636
0.813721
0.818547
0.821148
0.816276
0.81774
0.817903
0.806913
0.796709
0.787935
0.777603
0.767776
0.762114
0.755369
0.751158
0.745631
0.74126
0.733733
0.726871
0.720334
0.712617
0.707453
0.700562
0.693998
0.689053
0.685017
0.680991
0.673182
0.665497
0.659127
0.653978
0.648363
0.643389
0.639381
0.635172
0.630032
0.626344
0.620977
0.61675
0.610766
0.606354
0.601722
0.597491
0.593143
0.589725
0.586592
0.583484
0.579236
0.575054
0.571405
0.567025
0.563993
0.561893
0.558519
0.554725
0.551351
0.549037
0.546316
0.544391
0.541498
0.539159
0.536627
0.533868
0.531575
0.529617
0.527462
0.525686
0.523394
0.522226
0.521223
0.519753
0.51834
0.517204
0.516124
0.515105
0.513904
0.512556
0.51263
0.51247
0.51226
0.512681
0.512746
0.513013
0.513041
0.512629
0.512269
0.512841
0.513827
0.514955
0.515954
0.517046
0.51797
0.519061
0.520298
0.520884
0.521884
0.522504
0.523056
0.52381
0.524671
0.5256
0.526536
0.527352
0.528192
0.52897
0.529742
0.530149
0.530662
0.531474
0.532026
0.533151
0.533583
0.534179
0.5353
0.536114
0.536483
0.537058
0.537472
0.538077
0.53875
0.539032
0.539494
0.540005
0.540279
0.540825
0.541501
0.54228
0.542875
0.543413
0.5442
0.544801
0.545354
0.545914
0.546392
0.547157
0.547475
0.547835
0.548491
0.548817
0.549531
0.549826
0.550367
0.551178
0.551573
0.551783
0.552237
0.552997
0.553616
0.553991
0.554387
0.55491
0.555578
0.555913
0.556128
0.556687
0.556929
0.557209
0.557524
0.557949
0.558119
0.558541
0.559087
0.559422
0.55971
0.559997
0.560272
0.56056
0.56087
0.561103
0.561634
0.561854
0.562287
0.562753
0.562799
0.563262
0.563587
0.563882
0.564515
0.564875
0.565145
0.565497
0.565761
0.566094
0.566589
0.56691
0.567102
0.567246
0.567641
0.568023
0.568202
0.568511
0.568658
0.56885
0.569277
0.569563
0.569915
0.570156
0.570318
0.570568
0.570834
0.570987
0.571187
0.571418
0.571626
0.571899
0.572182
0.572424
0.572888
0.573017
0.57343
0.573711
0.573892
0.574097
0.574448
0.574644
0.574876
0.575272
0.575463
0.575544
0.575737
0.575925
0.576228
0.576346
0.57674
0.576721
0.576815
0.576943
0.577188
0.577476
0.577406
0.577478
0.577693
0.578024
0.578142
0.578221
0.57821
0.578053
0.578213
0.57831
0.578459
0.578676
0.578918
0.579243
0.579369
0.579679
0.579892
0.580099
0.580293
0.580431
0.580634
0.580827
0.58099
0.581139
0.581316
0.581546
0.581788
0.581969
0.582191
0.58239
0.582516
0.58267
0.582837
0.583107
0.583171
0.583425
0.583578
0.583933
0.58404
0.584124
0.584302
0.584456
0.584545
0.584618
0.584771
0.584996
0.5851
0.585465
0.58559
0.585752
0.586074
0.586313
0.586489
0.586654
0.586795
0.586995
0.587115
0.58712
0.587367
0.587508
0.587582
0.587637
0.587587
0.587702
0.587907
0.588146
0.588326
0.588295
0.588363
0.588536
0.588644
0.588877
0.588999
0.588975
0.589051
0.589099
0.589189
0.589286
0.589314
0.58952
0.589628
0.589607
0.589742
0.589742
0.589808
0.589954
0.589986
0.590082
0.590121
0.590301
0.590498
0.590651
0.590749
0.590771
0.590802
0.590914
0.590989
0.591192
0.591293
0.591372
0.591314
0.591442
0.591478
0.591684
0.591756
0.59178
0.591883
0.592007
0.592115
0.592221
0.592407
0.592493
0.592513
0.592628
0.592608
0.592704
0.592753
0.592765
0.592862
0.592943
0.593093
0.593142
0.593274
0.593374
0.593437
0.593586
0.593579
0.593691
0.593727
0.593824
0.593847
0.5939
0.593994
0.594033
0.594163
0.594401
0.594412
0.594486
0.594641
0.594705
0.594764
0.59489
0.595003
0.595139
0.595336
0.595337
0.595381
0.595452
0.595366
0.595448
0.595546
0.595635
0.595698
0.595809
0.595943
0.596027
0.596211
0.596375
0.596551
0.596582
0.596695
0.59683
0.596866
0.596866
0.596976
0.597043
0.597033
0.597164
0.597164
0.597298
0.597399
0.597418
0.597399
0.597442
0.597509
0.597473
0.597532
0.597563
0.597698
0.597756
0.597865
0.597851
0.598024
0.598126
0.598104
0.598207
0.598339
0.598429
0.598486
0.598487
0.598534
0.598621
0.59867
0.598777
0.598736
0.598825
0.598859
0.59895
0.599031
0.599149
0.599294
0.599371
0.599399
0.599415
0.599501
0.599514
0.599504
0.599573
0.599634
0.599755
0.599805
0.599918
0.600013
0.600014
0.599926
0.600131
0.600154
0.600153
0.600214
0.600311
0.600339
0.600406
0.600454
0.600464
0.600472
0.600407
0.600497
0.60047
0.600526
0.60056
0.600544
0.600604
0.600664
0.600661
0.60075
0.600755
0.60081
0.60087
0.600877
0.600841
0.600847
0.600802
0.6008
0.600792
0.600824
0.600854
0.600858
0.600933
0.600923
0.601026
0.601004
0.601071
0.601096
0.601127
0.601056
0.601028
0.601034
0.60106
0.601073
0.601109
0.601204
0.601168
0.601287
0.601341
0.601442
0.601464
0.601521
0.601602
0.601638
0.601719
0.601621
0.601689
0.601722
0.601792
0.601831
0.601855
0.601836
0.601892
0.601912
0.601995
0.60206
0.602081
0.602096
0.602151
0.602257
0.602289
0.602369
0.602402
0.602413
0.602429
0.602513
0.602523
0.602546
0.602509
0.602543
0.60251
0.602518
0.602552
0.602619
0.602635
0.602692
0.602735
0.602784
0.602802
0.602798
0.602831
0.602814
0.602909
0.602854
0.602831
0.602915
0.602898
0.602881
0.602961
0.602995
0.603014
0.603059
0.603099
0.603072
0.603087
0.603074
0.603076
0.603131
0.603105
0.603067
0.603087
0.603175
0.603216
0.603232
0.603214
0.603184
0.603237
0.603198
0.603256
0.603218
0.603257
0.603259
0.603267
0.603355
0.603321
0.603398
0.603369
0.603358
0.603415
0.603517
0.603559
0.603591
0.603611
0.603701
0.603779
0.603812
0.603838
0.603881
0.603875
0.603923
0.603923
0.603996
0.604024
0.604053
0.60406
0.604113
0.60408
0.604113
0.604177
0.604177
0.604175
0.604262
0.604299
0.60438
0.604377
0.60444
0.604429
0.604375
0.604396
0.604475
0.604548
0.604588
0.604662
0.604712
0.604837
0.604855
0.604792
0.604852
0.604905
0.604978
0.604899
0.604919
0.605012
0.605041
0.604996
0.604953
0.604987
0.605024
0.605089
0.605119
0.605103
0.605113
0.605211
0.605218
0.605249
0.605267
0.605212
0.605303
0.605236
0.605245
0.60529
0.605307
0.605346
0.605373
0.60534
0.605313
0.605315
0.605364
0.605375
0.605394
0.605435
0.605476
0.605543
0.605583
0.605576
0.605584
0.605573
0.60555
0.60551
0.605524
0.605562
0.605588
0.605596
0.605646
0.605703
0.605707
0.605741
0.605754
0.605721
0.605664
0.605678
0.605775
0.605823
0.605852
0.605893
0.605836
0.605855
0.605891
0.605867
0.60588
0.605863
0.60584
0.605869
0.605936
0.605943
0.605997
0.60601
0.606077
0.606102
0.60612
0.60615
0.606144
0.606087
0.606086
0.606122
0.606116
0.606109
0.606089
0.606124
0.606148
0.606127
0.606173
0.60614
0.60616
0.60626
0.606269
0.606217
0.606254
0.606277
0.606328
0.606334
0.606326
0.606318
0.606319
0.606303
0.606312
0.606341
0.60635
0.606324
0.606334
0.606341
0.606309
0.606307
0.606231
0.606234
0.606264
0.606324
0.606346
0.606364
0.606358
0.606364
0.606372
0.606378
0.606373
0.606375
0.606412
0.606445
0.606446
0.606478
0.606465
0.60646
0.606497
0.606502
0.606507
0.606563
0.606559
0.606588
0.606554
0.606589
0.606618
0.606667
0.606674
0.606635
0.606653
0.606645
0.606687
0.606683
0.606726
0.606754
0.606746
0.606731
0.60675
0.606742
0.606803
0.606813
0.606882
0.606923
0.606928
0.606938
0.606973
0.607007
0.607024
0.606996
0.607116
0.607107
0.607107
0.60717
0.607183
0.607174
0.607152
0.607258
0.607273
0.607318
0.607338
0.607339
0.607339
0.607333
0.607353
0.607364
0.607373
0.607367
0.607394
0.607471
0.607477
0.607512
0.607482
0.60754
0.607564
0.607596
0.607672
0.607654
0.607678
0.607692
0.607713
0.607734
0.607818
0.607778
0.607767
0.607762
0.607765
0.607788
0.607874
0.607913
0.607911
0.607931
0.607961
0.607974
0.607998
0.608014
0.608008
0.60806
0.608063
0.608051
0.608076
0.608062
0.608112
0.608115
0.608153
0.608148
0.608126
0.60815
0.608155
0.608214
0.608211
0.608239
0.608312
0.608305
0.608315
0.608347
0.608393
0.608394
0.608385
0.608373
0.608433
0.608475
0.608499
0.608512
0.60858
0.608611
0.60864
0.60865
0.60867
0.608709
0.608752
0.608737
0.608782
0.608792
0.608799
0.608807
0.608798
0.608815
0.608784
0.608815
0.60884
0.608854
0.608819
0.608896
0.60894
0.608959
0.609003
0.609003
0.609001
0.609013
0.609081
0.609128
0.609154
0.609134
0.609121
0.609146
0.609171
0.609238
0.609253
0.609227
0.609243
0.609243
0.609291
0.609307
0.609329
0.609342
0.609334
0.609282
0.609294
0.609302
0.60936
0.60941
0.609446
0.609436
0.609419
0.609448
0.609457
0.609456
0.609447
0.609436
0.609453
0.60944
0.609431
0.609446
0.609457
0.609465
0.60946
0.609455
0.609466
0.609455
0.609471
0.609481
0.60952
0.609526
0.609562
0.609637
0.609591
0.609557
0.609573
0.609586
0.609629
0.609661
0.609683
0.609685
0.609709
0.609714
0.609763
0.6098
0.609751
0.609744
0.609715
0.609755
0.609803
0.609836
0.609857
0.609883
0.609902
0.609918
0.609894
0.609938
0.609958
0.609967
0.610016
0.610035
0.610081
0.610107
0.610101
0.610087
0.61006
0.610084
0.61013
0.610162
0.610172
0.61021
0.610212
0.610224
0.610178
0.610163
0.610152
0.610186
0.61021
0.610182
0.610201
0.6102
0.610184
0.610211
0.610214
0.610203
0.610191
0.610215
0.610207
0.610217
0.610242
0.610275
0.610264
0.610262
0.610269
0.610263
0.610284
0.610264
0.610236
0.610226
0.61026
0.610242
0.61024
0.610303
0.610297
0.610281
0.610245
0.610218
0.610225
0.610232
0.610234
0.610225
0.610218
0.610231
0.610232
0.610233
0.6102
0.61025
0.610298
0.610295
0.610299
0.610326
0.610304
0.610297
0.610286
0.610295
0.610318
0.610289
0.610303
0.610282
0.610336
0.610357
0.610366
0.610415
0.610428
0.610432
0.610443
0.610453
0.610463
0.610442
0.610433
0.610427
0.610453
0.610477
0.610471
0.610425
0.610411
0.610429
0.610429
0.610444
0.61044
0.610437
0.610461
0.610465
0.610485
0.610454
0.610495
0.610516
0.610544
0.610546
0.610529
0.610526
0.61054
0.610556
0.610508
0.610518
0.610562
0.610603
0.610614
0.610643
0.61067
0.610678
0.610699
0.610697
0.610686
0.610701
0.610728
0.610747
0.610776
0.61077
0.610786
0.610789
0.610783
0.610812
0.610837
0.610849
0.610864
0.610843
0.610837
0.610868
0.610882
0.610904
0.610908
0.610852
0.610858
0.610886
0.61092
0.61088
0.610847
0.610843
0.610889
0.610922
0.610907
0.610927
0.610885
0.610871
0.610936
0.610893
0.610881
0.610885
0.610891
0.610906
0.610908
0.610944
0.610956
0.610949
0.610943
0.61096
0.610955
0.61093
0.610926
0.610915
0.610919
0.610932
0.610949
0.610909
0.610909
0.610911
0.610942
0.610866
0.610849
0.61089
0.610861
0.610844
0.610839
0.610855
0.610869
0.610865
0.610867
0.610849
0.610861
0.610835
0.610857
0.610867
0.610858
0.610851
0.610866
0.610882
0.610857
0.61085
0.610835
0.610858
0.610832
0.610845
0.61085
0.610849
0.610836
0.610804
0.610803
0.610784
0.610819
0.61081
0.610798
0.610826
0.610797
0.610801
0.610798
0.610837
0.610825
0.610822
0.610825
0.610846
0.610862
0.610849
0.610859
0.610813
0.610845
0.610867
0.610869
0.610874
0.610866
0.610859
0.610903
0.610878
0.610909
0.610926
0.610924
0.610954
0.610973
0.611021
0.611014
0.610994
0.611001
0.611024
0.611012
0.611046
0.611045
0.611079
0.611131
0.611132
0.611133
0.611126
0.611139
0.611135
0.61116
0.611192
0.611174
0.611165
0.611169
0.611163
0.611189
0.611184
0.611164
0.611175
0.611193
0.611175
0.611219
0.611266
0.611269
0.611239
0.611249
0.61128
0.611286
0.611273
0.611257
0.611271
0.611278
0.611259
0.611268
0.611274
0.611327
0.611327
0.611335
0.611364
0.611357
0.611354
0.611364
0.611368
0.611389
0.6114
0.611379
0.611347
0.611357
0.611376
0.611385
0.611368
0.611365
0.611372
0.611394
0.6114
0.611429
0.611413
0.611391
0.611394
0.611368
0.611341
0.611385
0.611372
0.61136
0.611374
0.611344
0.611329
0.611322
0.611339
0.611345
0.611352
0.611334
0.611333
0.611337
0.61133
0.61135
0.611331
0.611334
0.611373
0.611345
0.611338
0.611328
0.611313
0.61131
0.611294
0.611328
0.611342
0.611358
0.611321
0.611335
0.611352
0.611372
0.611398
0.611423
0.611412
0.611419
0.611422
0.611429
0.611443
0.611441
0.611451
0.611452
0.611454
0.611436
0.611416
0.611431
0.611479
0.6115
0.611449
0.611432
0.611448
0.611437
0.611419
0.611438
0.611406
0.611422
0.61142
0.61144
0.611447
0.611461
0.611455
0.611462
0.611474
0.611498
0.611496
0.61152
0.611527
0.611539
0.611545
0.611574
0.611594
0.611623
0.611625
0.611609
0.611619
0.611625
0.611615
0.611626
0.611647
0.611662
0.611657
0.611664
0.611675
0.611695
0.61174
0.61176
0.611768
0.611794
0.611796
0.611802
0.611805
0.61181
0.611821
0.611825
0.611827
0.611821
0.611833
0.611845
0.611828
0.611813
0.611842
0.61184
0.611851
0.611875
0.611885
0.61193
0.611961
0.611963
0.611953
0.611956
0.611982
0.611954
0.611964
0.611985
0.612006
0.612051
0.612078
0.612087
0.612109
0.612126
0.612151
0.612147
0.612153
0.612161
0.612176
0.612173
0.612182
0.612224
0.612232
0.61223
0.612248
0.612237
0.612234
0.612254
0.61227
0.61231
0.612302
0.612311
0.612317
0.612304
0.612305
0.612338
0.612358
0.612374
0.612392
0.612381
0.612381
0.61237
0.61237
0.612357
0.612366
0.612403
0.612427
0.612424
0.612403
0.612416
0.612416
0.612394
0.612396
0.612421
0.612427
0.612426
0.61243
0.612458
0.61248
0.61249
0.612506
0.612497
0.612515
0.612507
0.612493
0.612502
0.612514
0.612526
0.612491
0.612486
0.612485
0.612465
0.612477
0.612478
0.612511
0.612542
0.612564
0.612585
0.612616
0.612653
0.612618
0.612613
0.612607
0.612602
0.612648
0.612643
0.612691
0.612677
0.612661
0.612665
0.612671
0.612706
0.612697
0.612726
0.612725
0.612708
0.612687
0.612691
0.612699
0.612681
0.612729
0.612722
0.612744
0.612751
0.612758
0.61276
0.612774
0.612755
0.612777
0.612785
0.612781
0.612772
0.612776
0.61278
0.61276
0.612763
0.612762
0.612744
0.61275
0.612762
0.612747
0.61274
0.612742
0.612734
0.612767
0.612782
0.612776
0.612795
0.612815
0.612811
0.612823
0.612818
0.612813
0.612821
0.612818
0.612811
0.612823
0.612856
0.612867
0.612852
0.612814
0.612813
0.612817
0.612829
0.612848
0.612843
0.612846
0.612851
0.612843
0.612842
0.612867
0.612891
0.612874
0.612881
0.612883
0.612878
0.612891
0.612893
0.612884
0.612895
0.61289
0.612909
0.612922
0.612947
0.612953
0.612945
0.612961
0.612953
0.61295
0.612954
0.612961
0.612954
0.612952
0.612973
0.612998
0.612993
0.612974
0.612953
0.612979
0.612975
0.61297
0.612996
0.613003
0.613011
0.613029
0.613045
0.613039
0.613003
0.613009
0.613004
0.612988
0.613003
0.612984
0.612991
0.612989
0.612986
0.612982
0.613011
0.612997
0.612978
0.612982
0.612955
0.61297
0.612942
0.612946
0.612931
0.612921
0.612933
0.612931
0.612932
0.61294
0.612951
0.612949
0.612975
0.612973
0.612972
0.612984
0.612984
0.613001
0.612989
0.61295
0.612948
0.61295
0.612943
0.612961
0.61297
0.612975
0.612974
0.612981
0.612992
0.61298
0.61298
0.612976
0.612998
0.612981
0.612995
0.612999
0.613012
0.613014
0.613034
0.613036
0.613052
0.613053
0.613064
0.613084
0.613084
0.613109
0.613112
0.613117
0.613115
0.613118
0.613121
0.61312
0.613104
0.61312
0.613096
0.613123
0.613116
0.613117
0.613117
0.613129
0.613114
0.613102
0.613132
0.613125
0.613136
0.613125
0.613127
0.613104
0.613097
0.613109
0.613152
0.613163
0.613189
0.613188
0.613181
0.613168
0.613186
0.613195
0.613184
0.613186
0.613187
0.613195
0.613194
0.6132
0.613207
0.613213
0.613222
0.613221
0.613203
0.613207
0.613233
0.613253
0.613233
0.613221
0.613248
0.613223
0.613217
0.613209
0.613191
0.613205
0.613193
0.613179
0.613187
0.613186
0.613208
0.613205
0.613171
0.613195
0.613191
0.613187
0.61318
0.613193
0.613182
0.613196
0.613186
0.613151
0.613146
0.613153
0.613135
0.613125
0.613127
0.61312
0.613116
0.613118
0.613119
0.613125
0.613145
0.613139
0.61311
0.61312
0.613103
0.613078
0.613079
0.613083
0.613095
0.613099
0.613115
0.613105
0.61313
0.613115
0.613119
0.613114
0.613089
0.61309
0.613088
0.613099
0.613119
0.613132
0.613111
0.61308
0.613087
0.613087
0.613096
0.613111
0.613104
0.613099
0.613085
0.613098
0.613082
0.613069
0.61307
0.613081
0.613086
0.613074
0.613092
0.613089
0.613079
0.613078
0.613087
0.613088
0.613088
0.613084
0.613084
0.613085
0.613085
0.613097
0.613124
0.613138
0.613134
0.61314
0.613142
0.613142
0.613141
0.613172
0.613174
0.613182
0.613178
0.61318
0.61321
0.613214
0.613203
0.613199
0.613221
0.613217
0.613223
0.613205
0.613226
0.613221
0.613221
0.613231
0.613232
0.613254
0.613243
0.613249
0.613246
0.613239
0.613261
0.613275
0.613262
0.613253
0.61326
0.613272
0.613294
0.613311
0.613313
0.613308
0.613321
0.613314
0.613313
0.613306
0.613306
0.613323
0.613341
0.613371
0.613374
0.613388
0.613399
0.613398
0.613404
0.613414
0.613416
0.61343
0.613443
0.613452
0.613458
0.61345
0.613448
0.613456
0.61348
0.613495
0.613509
0.613548
0.613575
0.613562
0.613551
0.613554
0.613553
0.613561
0.613563
0.613576
0.613574
0.613602
0.613595
0.613605
0.613608
0.613613
0.613627
0.613612
0.613648
0.61366
0.61368
0.613698
0.613703
0.613694
0.613723
0.613733
0.613733
0.613734
0.613747
0.613746
0.613751
0.613766
0.613807
0.613797
0.613771
0.613769
0.613786
0.613792
0.613789
0.613804
0.613809
0.613805
0.61382
0.613829
0.613827
0.613828
0.613825
0.613809
0.613846
0.613824
0.613837
0.613848
0.613834
0.61384
0.613839
0.613817
0.613824
0.613807
0.613804
0.613804
0.613797
0.613786
0.613788
0.613799
0.613821
0.613823
0.613818
0.613831
0.613826
0.613824
0.613837
0.613822
0.61385
0.613847
0.613824
0.613824
0.613819
0.613822
0.613811
0.613812
0.61383
0.613832
0.613831
0.613828
0.61383
0.613845
0.613841
0.61386
0.613866
0.613863
0.61387
0.613874
0.613876
0.613888
0.613886
0.613888
0.613892
0.613891
0.613889
0.613904
0.613917
0.613917
0.613925
0.61392
0.613916
0.613914
0.613918
0.613925
0.613936
0.613939
0.613937
0.613947
0.613965
0.613991
0.614003
0.614008
0.613988
0.613993
0.61399
0.61399
0.613979
0.613987
0.613992
0.613981
0.613975
0.613986
0.613982
0.61397
0.613964
0.613962
0.613973
0.613966
0.613981
0.613984
0.614004
0.614001
0.613979
0.613995
0.61402
0.614031
0.614029
0.614024
0.61403
0.614029
0.614014
0.61401
0.614019
0.614016
0.614006
0.614025
0.61404
0.614025
0.614031
0.614042
0.614028
0.614047
0.614064
0.614035
0.614047
0.61406
0.614065
0.61405
0.614055
0.614045
0.614027
0.614034
0.614009
0.614011
0.614014
0.614015
0.614025
0.614032
0.61404
0.614038
0.614043
0.614016
0.614022
0.614022
0.614003
0.614004
0.614002
