0.481172
0.515464
0.520111
0.528866
0.52883
0.540176
0.542841
0.544088
0.54922
0.556406
0.556236
0.55756
0.556094
0.555666
0.55531
0.557287
0.555458
0.555618
0.554981
0.554913
0.55445
0.554568
0.553542
0.55358
0.552679
0.550108
0.54999
0.55068
0.549822
0.549894
0.550806
0.55151
0.551181
0.551971
0.551813
0.551937
0.552997
0.552875
0.553208
0.55355
0.552924
0.552686
0.551129
0.551176
0.551805
0.550968
0.5502
0.548846
0.549487
0.550403
0.549628
0.549196
0.548047
0.549947
0.548954
0.548674
0.547809
0.547545
0.546987
0.547141
0.547166
0.546544
0.546763
0.546183
0.545991
0.545866
0.545816
0.546143
0.545584
0.546006
0.545865
0.546713
0.546559
0.546076
0.545662
0.546274
0.546242
0.545532
0.545622
0.545146
0.545715
0.545572
0.545382
0.545613
0.545867
0.54499
0.545462
0.545558
0.545468
0.545239
0.544715
0.545039
0.544697
0.544859
0.545384
0.545652
0.54594
0.546272
0.546414
0.546289
0.54585
0.545955
0.546028
0.546135
0.546429
0.546524
0.546647
0.546489
0.54675
0.546701
0.546529
0.546548
0.546991
0.546842
0.546568
0.547265
0.547554
0.547731
0.547124
0.547391
0.54717
0.547283
0.546991
0.547151
0.54686
0.547063
0.546829
0.546653
0.546538
0.546194
0.546093
0.545668
0.545882
0.545609
0.545441
0.545247
0.545345
0.545023
0.545414
0.545603
0.545745
0.545929
0.545926
0.546002
0.545694
0.545558
0.54542
0.545412
0.545776
0.545846
0.545981
0.545754
0.54519
0.544638
0.544875
0.544818
0.545064
0.545375
0.545808
0.545957
0.545969
0.545751
0.545501
0.545227
0.545627
0.545855
0.545602
0.545066
0.544694
0.544479
0.544547
0.544685
0.544994
0.544992
0.544966
0.544756
0.54486
0.544953
0.544315
0.544295
0.54469
0.544799
0.544969
0.544912
0.544932
0.544648
0.544621
0.544595
0.54424
0.543922
0.543637
0.543464
0.543567
0.543586
0.543656
0.543762
0.543946
0.543982
0.544052
0.544015
0.543886
0.544086
0.5444
0.544203
0.544274
0.544354
0.544203
0.54426
0.544241
0.544353
0.54441
0.544841
0.544553
0.544855
0.545107
0.545254
0.544731
0.54496
0.545105
0.545127
0.545105
0.544791
0.544659
0.544486
0.544331
0.54432
0.544265
0.544285
0.544239
0.544274
0.544367
0.544666
0.544946
0.544716
0.544621
0.544765
0.544846
0.545174
0.545363
0.545588
0.545556
0.545386
0.545378
0.545533
0.54547
0.545676
0.545574
0.545853
0.545532
0.545642
0.545153
0.545406
0.545056
0.545465
0.545311
0.545678
0.545735
0.545743
0.545641
0.545427
0.545474
0.545361
0.545257
0.545355
0.545268
0.545276
0.545207
0.545246
0.54506
0.545
0.544912
0.544904
0.545042
0.545173
0.545095
0.545038
0.544939
0.545073
0.545063
0.544993
0.544757
0.544622
0.544652
0.544741
0.544613
0.544721
0.544863
0.54457
0.54414
0.544126
0.544075
0.544186
0.544263
0.544356
0.544434
0.5446
0.54443
0.544518
0.544536
0.544627
0.544604
0.544359
0.544203
0.54423
0.544133
0.544137
0.544426
0.54449
0.544315
0.544499
0.544506
0.544451
0.54464
0.544732
0.544718
0.544751
0.544623
0.54482
0.544967
0.54506
0.544948
0.54495
0.544708
0.544873
0.544941
0.544578
0.54456
0.544817
0.544721
0.544686
0.544618
0.544667
0.544669
0.544619
0.544698
0.544752
0.544735
0.544858
0.544625
0.544527
0.544526
0.544426
0.544546
0.544558
0.54458
0.54444
0.544344
0.54436
0.544414
0.544583
0.544738
0.544766
0.544735
0.544613
0.544695
0.544706
0.544549
0.544572
0.544459
0.544495
0.544564
0.54442
0.544608
0.544426
0.544453
0.544353
0.544462
0.544561
0.544415
0.544211
0.544276
0.544425
0.54433
0.544148
0.54416
0.544031
0.544077
0.544211
0.544308
0.544219
0.544032
0.544047
0.543894
0.543911
0.54381
0.543963
0.544005
0.544236
0.544297
0.544297
0.544195
0.544118
0.544042
0.543994
0.544082
0.544026
0.544134
0.544129
0.543947
0.543928
0.543852
0.543899
0.543938
0.543932
0.543913
0.543835
0.543699
0.543609
0.543507
0.54354
0.543736
0.543686
0.54354
0.543574
0.543409
0.543437
0.543449
0.543507
0.54346
0.543547
0.543627
0.543439
0.5432
0.543217
0.543486
0.543494
0.543505
0.543513
0.54358
0.543504
0.54345
0.543422
0.543527
0.543521
0.543367
0.543418
0.543349
0.543239
0.543297
0.542992
0.543002
0.542959
0.542998
0.542993
0.5429
0.54292
0.543016
0.543033
0.543066
0.54305
0.543099
0.543018
0.542817
0.542819
0.542876
0.542944
0.542898
0.542651
0.542623
0.542555
0.542452
0.542328
0.542113
0.542188
0.542164
0.542295
0.542351
0.542293
0.542324
0.542286
0.542203
0.542044
0.542034
0.54197
0.541919
0.541935
0.541983
0.541915
0.541767
0.541672
0.541705
0.54172
0.541687
0.541661
0.541595
0.54158
0.541677
0.541619
0.541687
0.54172
0.541664
0.541698
0.54165
0.541629
0.541553
0.541504
0.541636
0.541544
0.541523
0.541542
0.541646
0.541515
0.541543
0.541642
0.541642
0.541693
0.541614
0.541698
0.541812
0.541765
0.541665
0.541615
0.54159
0.541589
0.541603
0.541577
0.541462
0.541445
0.541516
0.541531
0.541487
0.541516
0.541426
0.541402
0.541369
0.541349
0.541349
0.541376
0.541484
0.541519
0.541597
0.541563
0.541376
0.541373
0.541382
0.541372
0.541279
0.541262
0.541299
0.541414
0.541411
0.541309
0.541297
0.541364
0.541312
0.541275
0.541361
0.541468
0.541412
0.541506
0.541623
0.541537
0.541385
0.54146
0.541349
0.541311
0.541283
0.541333
0.541249
0.541424
0.541276
0.541182
0.541229
0.541187
0.541156
0.541159
0.541148
0.54108
0.541085
0.541101
0.541114
0.541123
0.540991
0.541028
0.540994
0.540977
0.541054
0.541125
0.541078
0.541062
0.541096
0.541098
0.541035
0.541067
0.541093
0.541163
0.541079
0.541019
0.540917
0.540839
0.540765
0.540791
0.540862
0.540847
0.540879
0.540916
0.540939
0.540894
0.540774
0.540784
0.540807
0.540696
0.540708
0.540746
0.540746
0.540634
0.540536
0.540581
0.540656
0.540691
0.540681
0.540666
0.540681
0.540552
0.540654
0.540578
0.540543
0.540533
0.540505
0.540451
0.540492
0.540581
0.540637
0.540473
0.540425
0.540326
0.540345
0.5403
0.540253
0.54008
0.540089
0.540146
0.540189
0.540077
0.540008
0.540044
0.540078
0.540145
0.540185
0.540282
0.540335
0.54031
0.540367
0.540346
0.540478
0.540512
0.54047
0.54031
0.540318
0.54041
0.54043
0.540388
0.540425
0.540528
0.540538
0.540486
0.540498
0.540568
0.540541
0.540551
0.540594
0.54063
0.540613
0.540538
0.540544
0.540522
0.540563
0.540559
0.540541
0.540597
0.540658
0.54066
0.540655
0.540765
0.540639
0.540564
0.540563
0.540599
0.540704
0.540697
0.540567
0.540576
0.540717
0.540688
0.540822
0.540834
0.540865
0.540829
0.540902
0.540874
0.540843
0.540837
0.540814
0.540795
0.540816
0.540683
0.540663
0.540773
0.540832
0.54087
0.540853
0.540825
0.540866
0.540879
0.540684
0.540727
0.540751
0.540774
0.540671
0.540595
0.540607
0.540639
0.540652
0.540634
0.540635
0.540615
0.54061
0.540627
0.540689
0.540707
0.540587
0.540595
0.540549
0.540513
0.540454
0.540493
0.540513
0.540612
0.540605
0.540564
0.540545
0.540486
0.540445
0.540485
0.540406
0.540464
0.540359
0.540353
0.540398
0.540434
0.540359
0.540362
0.540317
0.540322
0.54047
0.540506
0.540508
0.540566
0.54052
0.54046
0.540348
0.540377
0.540354
0.540304
0.540334
0.540397
0.540338
0.540253
0.54027
0.540323
0.540417
0.540455
0.540461
0.540512
0.540511
0.540499
0.540475
0.540514
0.540361
0.540356
0.54037
0.540384
0.540349
0.540299
0.540304
0.540302
0.540359
0.540354
0.540357
0.540375
0.540392
0.540463
0.540419
0.540516
0.540484
0.540504
0.54061
0.540708
0.540619
0.54057
0.54058
0.540571
0.540575
0.540586
0.540622
0.540543
0.540423
0.540449
0.540467
0.540321
0.540306
0.540332
0.540322
0.540284
0.540318
0.540331
0.540258
0.540156
0.540157
0.54014
0.540143
0.540164
0.540184
0.540153
0.540067
0.54006
0.540008
0.539923
0.539878
0.539878
0.53994
0.539928
0.539857
0.539865
0.539761
0.539692
0.539759
0.539762
0.539669
0.5396
0.539696
0.539734
0.539765
0.539788
0.539725
0.5398
0.53976
0.539796
0.539864
0.539809
0.539803
0.539866
0.539863
0.539864
0.539834
0.539765
0.539746
0.539716
0.539679
0.539642
0.539634
0.539523
0.539467
0.53947
0.539349
0.539341
0.539336
0.539287
0.539286
0.539324
0.539291
0.539354
0.539412
0.539376
0.539331
0.53938
0.539315
0.539345
0.539299
0.539375
0.539396
0.539358
0.539318
0.539282
0.539364
0.539392
0.53931
0.539336
0.53937
0.539379
0.539462
0.539505
0.539485
0.539534
0.539606
0.539719
0.539757
0.539804
0.53976
0.539807
0.539701
0.539664
0.539673
0.539534
0.539576
0.539568
0.539593
0.539569
0.539536
0.539554
0.539566
0.53959
0.539651
0.539632
0.539672
0.539721
0.539662
0.539776
0.539759
0.539696
0.539659
0.539674
0.539675
0.539697
0.539678
0.539675
0.539699
0.539719
0.539654
0.539694
0.539646
0.539676
0.539594
0.539613
0.539578
0.539502
0.53945
0.53953
0.53958
0.539624
0.53965
0.539689
0.539747
0.539757
0.539794
0.539799
0.539858
0.539859
0.539846
0.539827
0.539773
0.539684
0.539686
0.539679
0.539744
0.539857
0.539811
0.539811
0.539845
0.539852
0.539832
0.539801
0.539856
0.539892
0.539832
0.539842
0.53978
0.53976
0.539819
0.539818
0.539779
0.539779
0.539739
0.539786
0.539798
0.539808
0.53984
0.539826
0.539849
0.539883
0.539839
0.539787
0.539831
0.539802
0.539837
0.539831
0.539823
0.539875
0.539922
0.539851
0.539802
0.539868
0.539985
0.539928
0.539931
0.539953
0.53991
0.539876
0.539914
0.5399
0.539879
0.539931
0.53993
0.539972
0.539961
0.539988
0.539924
0.53993
0.540002
0.540047
0.540086
0.54014
0.540128
0.540106
0.540124
0.540072
0.54008
0.540079
0.540049
0.540069
0.540081
0.540112
0.540134
0.540168
0.540263
0.540277
0.540249
0.540251
0.540258
0.54021
0.540224
0.540254
0.540244
0.540285
0.540173
0.54014
0.540098
0.540122
0.54008
0.540136
0.540196
0.540235
0.540208
0.54024
0.540264
0.54022
0.540187
0.540207
0.540202
0.540197
0.540227
0.540223
0.540235
0.540232
0.540262
0.540268
0.540216
0.540233
0.540169
0.540102
0.540107
0.540158
0.54021
0.54025
0.540243
0.540248
0.540307
0.540269
0.540237
0.540243
0.540272
0.540333
0.540319
0.540271
0.540316
0.540301
0.540339
0.540321
0.540315
0.540308
0.540373
0.540385
0.540402
0.540344
0.540367
0.54041
0.540428
0.540412
0.540413
0.540405
0.540432
0.540427
0.540413
0.540351
0.540313
0.540355
0.540371
0.540336
0.540377
0.540335
0.540363
0.540445
0.540378
0.540445
0.540473
0.540515
0.54054
0.540481
0.540497
0.540429
0.540423
0.5404
0.540414
0.540387
0.540434
0.540434
0.540478
0.540447
0.540481
0.540482
0.540468
0.540466
0.540539
0.540562
0.540586
0.540588
0.540618
0.540615
0.54065
0.540667
0.540698
0.540742
0.540792
0.540752
0.540696
0.540708
0.540669
0.540705
0.54077
0.540788
0.540799
0.540755
0.540766
0.540812
0.540816
0.540806
0.540801
0.540767
0.540752
0.540819
0.540858
0.540919
0.540924
0.540924
0.540925
0.540987
0.540953
0.54092
0.540996
0.540948
0.540896
0.54092
0.540913
0.54089
0.540894
0.540879
0.540857
0.540822
0.540864
0.540859
0.540879
0.540814
0.540826
0.540761
0.540809
0.540822
0.540866
0.540915
0.540885
0.54089
0.540827
0.540862
0.540899
0.540881
0.540854
0.540835
0.540871
0.540872
0.540847
0.540894
0.540875
0.540874
0.540894
0.5409
0.540854
0.540899
0.540866
0.540919
0.540904
0.540944
0.540951
0.540914
0.540835
0.540838
0.540844
0.540837
0.540818
0.540783
0.540751
0.540685
0.54072
0.540649
0.540642
0.54063
0.540699
0.540694
0.540712
0.540762
0.540785
0.540775
0.54082
0.540781
0.54079
0.540817
0.540865
0.54078
0.540756
0.540789
0.540788
0.540758
0.540697
0.540675
0.540629
0.54061
0.540633
0.54065
0.540659
0.540646
0.540666
0.540675
0.540663
0.540634
0.540671
0.540652
0.540659
0.540709
0.540712
0.540731
0.540689
0.540755
0.540769
0.540739
0.540687
0.54067
0.540667
0.540682
0.540688
0.540724
0.540702
0.540775
0.54075
0.540693
0.54064
0.540623
0.540579
0.540591
0.540639
0.540665
0.54065
0.540608
0.540637
0.540622
0.540601
0.540607
0.540656
0.54064
0.540569
0.540617
0.540621
0.540621
0.540641
0.540622
0.540594
0.540596
0.540653
0.540686
0.540707
0.540707
0.540722
0.540687
0.540657
0.540627
0.540639
0.540636
0.540632
0.540705
0.540703
0.540698
0.540746
0.540778
0.540791
0.540776
0.540759
0.540834
0.540857
0.54084
0.540812
0.540823
0.540771
0.540757
0.540746
0.540776
0.540789
0.540879
0.540799
0.540802
0.540822
0.540879
0.540871
0.54087
0.540834
0.540848
0.540823
0.540878
0.540876
0.540927
0.540884
0.540841
0.540829
0.540859
0.540829
0.540845
0.540855
0.540866
0.540904
0.540914
0.540891
0.54088
0.54084
0.540818
0.540815
0.54082
0.540829
0.540789
0.540794
0.540796
0.540841
0.540795
0.540794
0.540821
0.540805
0.540761
0.540748
0.540713
0.54072
0.540728
0.540695
0.540695
0.540734
0.540708
0.540747
0.540756
0.540733
0.540718
0.540723
0.540715
0.540719
0.54074
0.540718
0.540752
0.540747
0.540737
0.540691
0.540655
0.540652
0.540682
0.540674
0.540694
0.540688
0.54073
0.540728
0.540728
0.540755
0.540718
0.540634
0.5406
0.540597
0.540638
0.540706
0.540737
0.540765
0.54074
0.540713
0.54071
0.540673
0.540659
0.540695
0.540664
0.540648
0.540658
0.540677
0.540706
0.540708
0.540703
0.540757
0.540766
0.540759
0.540766
0.540813
0.54078
0.540742
0.540732
0.540739
0.540774
0.540728
0.54074
0.540699
0.540696
0.540758
0.540728
0.540666
0.540675
0.540665
0.540664
0.540644
0.540617
0.540611
0.54059
0.540566
0.540604
0.540631
0.540657
0.540615
0.540619
0.540645
0.54067
0.540744
0.540729
0.540729
0.540708
0.540681
0.540722
0.540744
0.540774
0.540737
0.540661
0.540663
0.540606
0.540562
0.540564
0.540555
0.540554
0.540571
0.54062
0.540639
0.540634
0.540671
0.540657
0.540664
0.540699
0.540653
0.540588
0.540623
0.54059
0.540612
0.540634
0.540629
0.540624
0.54065
0.540618
0.540626
0.540598
0.540585
0.540543
0.540593
0.540566
0.540517
0.540511
0.54051
0.540481
0.540443
0.540449
0.540537
0.540505
0.540527
0.540506
0.540499
0.540522
0.540486
0.54051
0.54047
0.540446
0.540398
0.540406
0.540385
0.540352
0.540331
0.54039
0.540423
0.540408
0.540423
0.540414
0.540421
0.540436
0.540442
0.540422
0.540447
0.540441
0.540471
0.540438
0.540431
0.540404
0.540406
0.5404
0.540458
0.540478
0.54046
0.540422
0.540418
0.540439
0.540485
0.540481
0.540503
0.540521
0.540506
0.540545
0.540537
0.540506
0.540527
0.540538
0.540516
0.540537
0.540539
0.540525
0.54052
0.540511
0.540523
0.540569
0.540575
0.540579
0.540555
0.540566
0.540603
0.540587
0.540592
0.540601
0.540644
0.540635
0.540612
0.540602
0.540612
0.540606
0.540613
0.540612
0.540658
0.540656
0.540634
0.540646
0.540614
0.540592
0.540564
0.540577
0.540598
0.540614
0.540645
0.540643
0.540647
0.54068
0.540702
0.540758
0.540737
0.540716
0.54071
0.540687
0.54069
0.540719
0.540739
0.54071
0.540728
0.540669
0.540626
0.540669
0.540661
0.540625
0.540626
0.540642
0.540686
0.540722
0.540738
0.540717
0.540735
0.540775
0.540757
0.540728
0.54076
0.540765
0.540746
0.540778
0.540771
0.540797
0.540757
0.540788
0.540793
0.540772
0.540761
0.540748
0.540753
0.540709
0.540721
0.54073
0.540779
0.540789
0.5408
0.54081
0.54084
0.540839
0.540819
0.540875
0.540855
0.540836
0.540845
0.540824
0.540865
0.54089
0.540869
0.540838
0.540846
0.540844
0.540876
0.54086
0.540885
0.540866
0.540879
0.540902
0.540887
0.540831
0.540834
0.540803
0.540786
0.540813
0.540837
0.540871
0.540915
0.540977
0.540991
0.54098
0.540957
0.540984
0.541027
0.541042
0.541073
0.541115
0.541157
0.541158
0.54117
0.541177
0.541197
0.541175
0.541206
0.541195
0.541224
0.541225
0.541186
0.541146
0.541151
0.541139
0.541148
0.54111
0.54112
0.541097
0.54107
0.541046
0.541014
0.541018
0.540976
0.540967
0.540949
0.540972
0.540973
0.541012
0.541004
0.541036
0.541003
0.540993
0.540973
0.54097
0.540918
0.540872
0.540889
0.540848
0.540857
0.540863
0.540886
0.540901
0.540917
0.540921
0.540908
0.5409
0.540898
0.540875
0.540836
0.540826
0.540801
0.540762
0.540713
0.540734
0.540748
0.54076
0.540771
0.540721
0.540743
0.540714
0.540706
0.540723
0.540761
0.54074
0.540736
0.540779
0.540817
0.540843
0.540829
0.540865
0.540822
0.540783
0.540787
0.540786
0.540772
0.540739
0.540762
0.540748
0.540802
0.540817
0.540803
0.540796
0.540766
0.54079
0.54079
0.540792
0.540797
0.540829
0.540825
0.540781
0.540774
0.540786
0.540792
0.540779
0.540767
0.540766
0.540818
0.540852
0.540839
0.540881
0.540845
0.540874
0.540896
0.540912
0.540922
0.540902
0.540941
0.540929
0.540938
0.540888
0.540895
0.540866
0.540907
0.5409
0.540877
0.54092
0.540887
0.540897
0.540857
0.540854
0.540842
0.540882
0.540863
0.540917
0.540924
0.540915
0.540942
0.540956
0.540957
0.540957
0.54093
0.540946
0.540962
0.540965
0.540951
0.540949
0.540954
0.540942
0.540927
0.540906
0.540873
0.540798
0.540826
0.540846
0.540842
0.540852
0.540911
0.540919
0.540907
0.540908
0.54087
0.540908
0.540887
0.540891
0.5409
0.540882
0.540851
0.540836
0.540798
0.540841
0.540836
0.540812
0.54083
0.540884
0.54086
0.540888
0.540919
0.540923
0.540891
0.540891
0.540858
0.540856
0.540858
0.540869
0.540831
0.540831
0.540818
0.540839
0.540875
0.540896
0.540939
0.540932
0.540918
0.540907
0.540881
0.540883
0.540894
0.540853
0.540851
0.540821
0.540841
0.540864
0.540838
0.540824
0.540833
0.540788
0.540783
0.540781
0.540777
0.540801
0.540814
0.540811
0.540791
0.540815
0.54084
0.540863
0.540906
0.54091
0.54094
0.540914
0.540899
0.540876
0.540862
0.54081
0.540799
0.540821
0.540794
0.540822
0.540836
0.540831
0.540826
0.540821
0.540846
0.540836
0.540849
0.540838
0.540831
0.540866
0.540831
0.540838
0.540819
0.540838
0.540867
0.540878
0.540886
0.540893
0.540911
0.540888
0.540888
0.540873
0.540876
0.540887
0.540854
0.540806
0.54082
0.540802
0.540814
0.540813
0.540818
0.540829
0.540796
0.540766
0.540783
0.540815
0.540789
0.540803
0.540784
0.540771
0.540781
0.540798
0.54079
0.540772
0.540795
0.54079
0.54076
0.540769
0.540769
0.540754
0.540744
0.540752
0.540727
0.540749
0.540713
0.540739
0.540769
0.540774
0.540748
0.540753
0.540752
0.540708
0.540704
0.540668
0.540649
0.540665
0.540661
0.540697
0.540651
0.540649
0.540677
0.540682
0.54069
0.540674
0.540688
0.540665
0.540616
0.540611
0.540584
0.540554
0.540549
0.540524
0.540519
0.540507
0.54049
0.540498
0.540514
0.540537
0.540547
0.540583
0.540585
0.540608
0.540629
0.540657
0.540666
0.540705
0.540698
0.540653
0.540648
0.540679
0.540714
0.540711
0.540707
0.540728
0.540708
0.540705
0.540718
0.540725
0.540727
0.540726
0.540721
0.54072
0.540743
0.540753
0.540761
