0.373563
0.433526
0.481889
0.500732
0.516556
0.525196
0.528143
0.527117
0.529875
0.533281
0.534557
0.53325
0.534532
0.535287
0.533593
0.53396
0.53451
0.534127
0.5357
0.53287
0.534367
0.535093
0.537005
0.537462
0.537053
0.539313
0.539073
0.539026
0.539552
0.54
0.540746
0.540435
0.540939
0.540571
0.539493
0.538842
0.539372
0.538036
0.538473
0.539003
0.540056
0.540856
0.540604
0.540401
0.540442
0.538715
0.538309
0.537771
0.537213
0.537156
0.537241
0.537228
0.538131
0.538245
0.538017
0.537718
0.538294
0.539144
0.53918
0.539075
0.53905
0.539815
0.540423
0.540893
0.540829
0.541277
0.541035
0.540433
0.540487
0.540694
0.540394
0.540464
0.540524
0.540203
0.53997
0.540063
0.540167
0.540125
0.539661
0.53973
0.539821
0.540107
0.539863
0.540025
0.539844
0.539245
0.538666
0.538734
0.538813
0.538734
0.539144
0.539703
0.53934
0.539826
0.54015
0.539866
0.540123
0.540576
0.540399
0.539777
0.540103
0.54006
0.540191
0.539857
0.540055
0.539687
0.539655
0.539717
0.53949
0.539636
0.539788
0.53937
0.539709
0.540202
0.540329
0.54059
0.540483
0.540901
0.540689
0.540453
0.540602
0.540517
0.540782
0.540774
0.540703
0.540997
0.540945
0.540735
0.540451
0.540317
0.540301
0.540058
0.540113
0.540404
0.540454
0.540651
0.540353
0.540355
0.540222
0.540349
0.540282
0.540062
0.539925
0.539705
0.539703
0.539707
0.539556
0.539771
0.539617
0.539462
0.539685
0.539673
0.539774
0.53998
0.539862
0.540096
0.540281
0.540472
0.540678
0.540616
0.540471
0.541023
0.540858
0.540712
0.540573
0.540638
0.54081
0.540933
0.540915
0.540758
0.540428
0.540256
0.540197
0.540234
0.540202
0.540205
0.540492
0.540079
0.540184
0.540211
0.54034
0.540117
0.540119
0.540073
0.540053
0.539838
0.539768
0.539355
0.539348
0.539258
0.539444
0.539336
0.539079
0.539208
0.539076
0.539336
0.53938
0.539187
0.539451
0.539337
0.539348
0.539513
0.53975
0.539766
0.539664
0.539657
0.539555
0.539424
0.539524
0.53954
0.539412
0.539232
0.539307
0.539182
0.539126
0.539235
0.539263
0.539144
0.539136
0.539027
0.539038
0.539
0.538916
0.538835
0.538934
0.538871
0.538838
0.538683
0.538659
0.538671
0.538814
0.53875
0.538777
0.538892
0.539084
0.538969
0.538828
0.538721
0.538731
0.53868
0.538795
0.538933
0.538871
0.538953
0.538661
0.538474
0.538689
0.538729
0.538625
0.538597
0.538724
0.538628
0.538603
0.538753
0.53888
0.538855
0.538828
0.53893
0.538903
0.538779
0.538705
0.5387
0.538941
0.539118
0.539106
0.539167
0.539141
0.539073
0.539026
0.539148
0.539312
0.539329
0.539115
0.539098
0.539105
0.539011
0.53907
0.538899
0.538759
0.538755
0.538763
0.538782
0.538849
0.538756
0.538645
0.538615
0.53851
0.538586
0.53843
0.538436
0.538471
0.538464
0.538489
0.538505
0.538477
0.538369
0.538227
0.538279
0.538371
0.538538
0.538279
0.538091
0.538166
0.538343
0.538261
0.538224
0.53845
0.538444
0.53829
0.538316
0.538369
0.538348
0.538295
0.538597
0.538532
0.538433
0.538357
0.538239
0.538348
0.538212
0.537998
0.538194
0.538105
0.538047
0.538161
0.538106
0.538156
0.538365
0.538348
0.538446
0.538537
0.538646
0.538785
0.538782
0.538894
0.538855
0.539
0.539077
0.539213
0.539158
0.53913
0.539249
0.539343
0.539299
0.539264
0.539326
0.539359
0.53938
0.5394
0.539561
0.539591
0.5396
0.539628
0.539725
0.539668
0.539743
0.539671
0.539498
0.539463
0.539356
0.539302
0.539301
0.539383
0.539488
0.539416
0.539448
0.539479
0.539554
0.539346
0.539336
0.539278
0.539218
0.539081
0.539096
0.539174
0.538969
0.538989
0.538964
0.538759
0.538579
0.538512
0.538608
0.538561
0.538476
0.538531
0.538547
0.538644
0.538614
0.538808
0.538781
0.538698
0.538636
0.538637
0.538605
0.538439
0.538219
0.538292
0.538337
0.538267
0.538357
0.538472
0.538488
0.538624
0.538628
0.538667
0.538697
0.538581
0.538533
0.538505
0.538572
0.538573
0.538591
0.538559
0.538488
0.538492
0.538538
0.538571
0.538567
0.538559
0.538534
0.538514
0.538319
0.538293
0.538416
0.538515
0.53848
0.538429
0.538475
0.538529
0.538419
0.538395
0.538284
0.538337
0.538393
0.53831
0.538344
0.538403
0.538396
0.538473
0.538496
0.538373
0.538329
0.538231
0.538202
0.538086
0.538051
0.538001
0.53797
0.538021
0.538008
0.537982
0.537948
0.538014
0.537965
0.538087
0.538079
0.538145
0.538202
0.538136
0.538137
0.538083
0.538101
0.538035
0.538089
0.538086
0.538048
0.538176
0.538226
0.538299
0.538254
0.538246
0.538245
0.538233
0.538267
0.538242
0.538219
0.53829
0.53823
0.538223
0.538215
0.538184
0.538089
0.538061
0.538082
0.538018
0.538036
0.538047
0.538035
0.538053
0.538099
0.538135
0.538221
0.538204
0.538189
0.538146
0.538104
0.538073
0.538097
0.53808
0.537985
0.537984
0.537961
0.53802
0.53806
0.538095
0.53817
0.538141
0.538159
0.538222
0.538247
0.538325
0.538238
0.53817
0.538129
0.53815
0.538148
0.538106
0.538184
0.53807
0.538112
0.538121
0.538166
0.538219
0.538164
0.538207
0.538213
0.538226
0.538346
0.53832
0.538309
0.538347
0.538285
0.53837
0.538331
0.538315
0.538313
0.538252
0.538206
0.538208
0.538276
0.538223
0.538224
0.538299
0.538307
0.538246
0.538314
0.538401
0.538299
0.538328
0.538277
0.538302
0.53835
0.538285
0.538242
0.538176
0.538166
0.538208
0.538285
0.53827
0.538293
0.538328
0.538342
0.538344
0.53846
0.538492
0.538525
0.538597
0.538565
0.538592
0.538617
0.538602
0.538709
0.538728
0.538758
0.538741
0.538632
0.538653
0.538603
0.538631
0.538558
0.538548
0.53852
0.538468
0.538449
0.53845
0.53851
0.538609
0.538644
0.538674
0.538678
0.538673
0.538673
0.538587
0.538572
0.538563
0.538595
0.538727
0.538706
0.538736
0.538723
0.538687
0.538695
0.53868
0.538731
0.538687
0.538686
0.538716
0.538676
0.538774
0.538851
0.538785
0.538794
0.53881
0.538845
0.538901
0.53896
0.539027
0.538974
0.538946
0.538988
0.539019
0.538984
0.539007
0.538989
0.539038
0.539053
0.539023
0.538984
0.538919
0.538971
0.538962
0.538944
0.538954
0.538912
0.53895
0.538942
0.539014
0.539013
0.539036
0.539
0.539002
0.53901
0.538968
0.538934
0.538924
0.538889
0.538916
0.538877
0.53893
0.538986
0.538907
0.538962
0.539058
0.539119
0.539133
0.539093
0.53911
0.539061
0.539057
0.539072
0.539112
0.539115
0.539154
0.539216
0.539279
0.539275
0.539302
0.539304
0.539358
0.539463
0.539389
0.539366
0.539286
0.539294
0.53927
0.539263
0.539295
0.539226
0.539288
0.539285
0.539282
0.539246
0.539286
0.539312
0.539403
0.539435
0.539413
0.539437
0.539414
0.539452
0.539405
0.539476
0.539435
0.539484
0.539453
0.539423
0.539422
0.539463
0.539464
0.539511
0.539487
0.539522
0.539394
0.539396
0.539409
0.53943
0.539363
0.539352
0.539286
0.539298
0.539302
0.539291
0.539234
0.539268
0.539216
0.539252
0.539341
0.539341
0.539364
0.539408
0.539348
0.539398
0.53942
0.539415
0.539388
0.539363
0.539337
0.539315
0.53933
0.539328
0.539336
0.539294
0.539272
0.539212
0.539226
0.539246
0.539205
0.539223
0.539207
0.539151
0.539135
0.539122
0.539101
0.539086
0.539136
0.539147
0.539199
0.539222
0.539214
0.539263
0.539272
0.539268
0.539265
0.539192
0.539222
0.539244
0.539206
0.539213
0.539219
0.539137
0.53914
0.539104
0.539099
0.539018
0.539027
0.53905
0.539063
0.539136
0.539175
0.539077
0.539101
0.539086
0.539061
0.5391
0.539122
0.539159
0.539138
0.539067
0.539116
0.539128
0.539165
0.539119
0.539181
0.539163
0.539113
0.539104
0.539024
0.538963
0.538977
0.538949
0.538955
0.53896
0.53895
0.538968
0.538956
0.538994
0.539002
0.539019
0.539028
0.539044
0.53902
0.539015
0.539059
0.538998
0.538956
0.538995
0.539069
0.539062
0.539098
0.539097
0.539053
0.53901
0.539075
0.539068
0.539022
0.539002
0.538986
0.539019
0.539045
0.539013
0.538917
0.538925
0.538925
0.538974
0.538968
0.539015
0.539016
0.539035
0.539039
0.539042
0.539049
0.539043
0.539074
0.539068
0.539066
0.539101
0.539105
0.539046
0.539104
0.539089
0.539113
0.539086
0.539063
0.539061
0.539056
0.539026
0.539056
0.539042
0.539056
0.539083
0.539079
0.539126
0.53914
0.539102
0.539113
0.539088
0.539027
0.53902
0.539015
0.53899
0.539008
0.53908
0.539097
0.539132
0.539144
0.539193
0.539238
0.53924
0.53921
0.539304
0.539289
0.539312
0.539259
0.539222
0.539281
0.539281
0.539309
0.539326
0.539319
0.539232
0.539215
0.539226
0.539296
0.539261
0.539223
0.539198
0.539167
0.539138
0.539174
0.539175
0.539189
0.539174
0.539159
0.539117
0.539138
0.539177
0.53919
0.539179
0.53916
0.539153
0.539175
0.539119
0.539104
0.53906
0.539115
0.539141
0.539131
0.53915
0.539082
0.539046
0.539017
0.539055
0.53911
0.539136
0.539097
0.539129
0.539091
0.539081
0.539042
0.539084
0.539045
0.53906
0.539081
0.539151
0.539105
0.539099
0.53911
0.539137
0.539068
0.539022
0.538996
0.539019
0.53903
0.538999
0.539049
0.539097
0.539065
0.53906
0.539051
0.539108
0.539118
0.539155
0.539163
0.53916
0.539193
0.539125
0.539166
0.53923
0.539222
0.539246
0.539273
0.539271
0.539288
0.539339
0.539318
0.539305
0.539326
0.539326
0.539291
0.539292
0.539313
0.539358
0.539329
0.539331
0.539339
0.539333
0.539337
0.539355
0.539369
0.539383
0.539374
0.539316
0.539263
0.539255
0.539241
0.539224
0.53923
0.539251
0.539242
0.539199
0.539203
0.539232
0.539203
0.539199
0.539201
0.539233
0.539224
0.53922
0.539275
0.539279
0.539249
0.539227
0.539246
0.539251
0.539242
0.539219
0.539264
0.539333
0.539341
0.539301
0.539275
0.539268
0.539241
0.539259
0.539224
0.539174
0.53915
0.539164
0.539133
0.539127
0.539146
0.539206
0.539155
0.539198
0.539226
0.539252
0.53926
0.539294
0.539306
0.539292
0.539291
0.539272
0.539318
0.539324
0.539367
0.53938
0.539392
0.539439
0.53944
0.539462
0.53946
0.539472
0.539472
0.539502
0.539553
0.539544
0.539556
0.539597
0.539614
0.539653
0.539635
0.539638
0.539616
0.539604
0.539559
0.539569
0.539576
0.539572
0.539589
0.539569
0.539543
0.539559
0.539515
0.53955
0.539565
0.539592
0.539623
0.539628
0.53963
0.539643
0.539681
0.539701
0.539714
0.539757
0.539779
0.539752
0.539725
0.539768
0.539745
0.539734
0.539763
0.539766
0.539805
0.539852
0.539827
0.539869
0.539879
0.539848
0.539875
0.539861
0.539839
0.539854
0.53985
0.539867
0.539871
0.539869
0.539836
0.539826
0.539854
0.539836
0.539763
0.539754
0.539695
0.539666
0.539707
0.539721
0.539696
0.53977
0.539718
0.539723
0.539759
0.539792
0.539789
0.539808
0.539846
0.539872
0.539899
0.539893
0.539918
0.539893
0.539883
0.539871
0.539897
0.539896
0.539957
0.539941
0.539937
0.539922
0.53992
0.539919
0.53995
0.539928
0.53995
0.539948
0.539955
0.539943
0.539972
0.540003
0.539991
0.53999
0.539926
0.539948
0.539938
0.539916
0.539911
0.539917
0.539934
0.539925
0.539922
0.53992
0.539962
0.539941
0.539905
0.539911
0.539917
0.539956
0.539942
0.539948
0.539919
0.539943
0.539925
0.53988
0.539854
0.53984
0.539847
0.539857
0.539855
0.53983
0.539861
0.539805
0.539818
0.539856
0.539827
0.539833
0.53987
0.539844
0.539837
0.539797
0.539845
0.53984
0.539825
0.539836
0.539851
0.539887
0.539873
0.539837
0.539822
0.539787
0.53977
0.539783
0.539751
0.539725
0.539706
0.539716
0.539713
0.539662
0.539696
0.539687
0.539722
0.539709
0.539715
0.539699
0.539703
0.539728
0.539685
0.539703
0.539734
0.539658
0.539666
0.539645
0.539619
0.539604
0.539564
0.539584
0.5396
0.539593
0.539556
0.539578
0.539566
0.539584
0.539567
0.539568
0.539562
0.539506
0.539454
0.539466
0.539479
0.539499
0.539454
0.53946
0.539443
0.539465
0.539464
0.539444
0.539442
0.539462
0.539476
0.539487
0.539494
0.539473
0.539508
0.539516
0.539529
0.539544
0.539601
0.539603
0.53964
0.53967
0.539682
0.539711
0.539747
0.539776
0.539769
0.539767
0.539751
0.539779
0.539778
0.539789
0.539826
0.539815
0.539804
0.539822
0.539781
0.539781
0.539774
0.539809
0.539813
0.539811
0.539815
0.539794
0.539767
0.539717
0.539699
0.539733
0.539731
0.53973
0.539697
0.539679
0.539702
0.53973
0.539734
0.539757
0.539773
0.539772
0.539774
0.539733
0.53971
0.539722
0.539696
0.539666
0.539649
0.539608
0.539584
0.539605
0.539595
0.539575
0.539577
0.539581
0.539535
0.539536
0.539548
0.539599
0.539597
0.539616
0.539608
0.539596
0.539609
0.539581
0.539639
0.53965
0.539645
0.539679
0.539708
0.539728
0.53978
0.539809
0.539795
0.539794
0.539762
0.539781
0.539798
0.539804
0.539807
0.539808
0.539781
0.539816
0.539847
0.539847
0.539869
0.539885
0.539918
0.539966
0.539983
0.540023
0.540029
0.540035
0.540078
0.540081
0.540078
0.540077
0.540074
0.540093
0.540122
0.540113
0.540131
0.540181
0.540193
0.540169
0.540157
0.540149
0.540158
0.540201
0.540178
0.540203
0.540209
0.540206
0.54022
0.5402
0.540198
0.540176
0.540126
0.540119
0.540131
0.54015
0.540154
0.540177
0.540211
0.540226
0.540209
0.540234
0.540238
0.540247
0.540245
0.540242
0.54022
0.540174
0.540153
0.540099
0.5401
0.54011
0.540086
0.540069
0.540081
0.540072
0.540109
0.540105
0.540091
0.540117
0.540125
0.540136
0.540107
0.540099
0.540091
0.540072
0.540103
0.540078
0.540046
0.540062
0.540102
0.540126
0.540126
0.540147
0.540157
0.540109
0.5401
0.540107
0.540116
0.5401
0.540083
0.540094
0.540106
0.540089
0.540117
0.540138
0.540121
0.540086
0.54008
0.540073
0.540099
0.540105
0.540126
0.540134
0.540119
0.540112
0.540113
0.540116
0.540097
0.540077
0.540054
0.540015
0.540033
0.540034
0.54006
0.540051
0.54006
0.540022
0.540017
0.540032
0.540025
0.540029
0.540103
0.540122
0.540078
0.540089
0.5401
0.540096
0.540086
0.540065
0.540055
0.540024
0.540041
0.540017
0.540003
0.539992
0.539928
0.539913
0.539937
0.53992
0.539904
0.539914
0.539896
0.539867
0.539861
0.539803
0.539875
0.539909
0.53992
0.539947
0.53996
0.539938
0.53992
0.539964
0.539962
0.539983
0.539978
0.539983
0.540017
0.54003
0.54003
0.540045
0.540028
0.540019
0.540037
0.540088
0.540091
0.540097
0.540074
0.540078
0.540088
0.540114
0.540132
0.540162
0.540164
0.540169
0.540185
0.540202
0.540201
0.540231
0.540245
0.540273
0.540235
0.540207
0.54024
0.540244
0.540238
0.540224
0.540241
0.540214
0.540225
0.540231
0.540191
0.540186
0.540202
0.540196
0.540201
0.54023
0.540241
0.540252
0.540288
0.540294
0.540296
0.540284
0.540241
0.540212
0.540209
0.540216
0.540205
0.540212
0.5402
0.540215
0.540254
0.540276
0.540261
0.540271
0.540257
0.540235
0.540227
0.540228
0.540212
0.540222
0.540206
0.540184
0.540194
0.540172
0.540185
0.5402
0.5402
0.540193
0.540185
0.540187
0.540135
0.540143
0.540162
0.540168
0.540212
0.540211
0.540186
0.540194
0.540195
0.540188
0.54022
0.540193
0.540227
0.540228
0.540228
0.540234
0.54026
0.540236
0.540266
0.540238
0.540235
0.540248
0.540271
0.540238
0.540236
0.540247
0.540249
0.540253
0.540283
0.540291
0.540275
0.540268
0.540284
0.540278
0.540266
0.540252
0.540278
0.540275
0.540279
0.540274
0.540297
0.540283
0.540315
0.540362
0.540356
0.540383
0.54037
0.540344
0.540325
0.540368
0.540365
0.540347
0.540354
0.540353
0.540329
0.540364
0.540375
0.540391
0.540363
0.540348
0.540362
0.540373
0.540333
0.540329
0.540345
0.540352
0.540339
0.540334
0.54031
0.540294
0.540301
0.540302
0.540294
0.540296
0.540275
0.540304
0.54031
0.540305
0.540286
0.540301
0.54031
0.540328
0.540314
0.540309
0.540307
0.540311
0.540325
0.540311
0.540296
0.540293
0.540273
0.540295
0.540308
0.540293
0.540293
0.54031
0.540289
0.540295
0.540287
0.540278
0.540241
0.540225
0.54024
0.540238
0.540272
0.540261
0.540271
0.540223
0.540204
0.540193
0.540179
0.540211
0.540209
0.540202
0.540237
0.540256
0.540267
0.540284
0.540273
0.540262
0.540261
0.540235
0.540244
0.54022
0.540249
0.540266
0.540265
0.540263
0.540207
0.540212
0.540225
0.540224
0.540185
0.540162
0.540165
0.54018
0.540179
0.540169
0.540153
0.540141
0.540135
0.540141
0.540146
0.54015
0.540154
0.540153
0.540131
0.540119
0.540095
0.540133
0.540127
0.540121
0.54013
0.540107
0.540132
0.540146
0.540145
0.540182
0.540179
0.540148
0.540113
0.540115
0.54013
0.540161
0.54014
0.540124
0.540123
0.540136
0.540131
0.540149
0.540119
0.54012
0.540143
0.54014
0.54015
0.540155
0.540155
0.540123
0.540143
0.540166
0.540184
0.540165
0.540195
0.540191
0.540215
0.540248
0.540228
0.54026
0.540241
0.540262
0.540285
0.540249
0.540268
0.540239
0.540252
0.540243
0.54025
0.540265
0.540271
0.540259
0.540278
0.540312
0.540316
0.540277
0.540278
0.540289
0.540248
0.540249
0.540265
0.540271
0.54028
0.54028
0.540246
0.540233
0.540231
0.540264
0.540262
0.540275
0.540303
0.540292
0.540293
0.540294
0.540293
0.540304
0.540279
0.540254
0.540268
0.540281
0.540282
0.54028
0.540264
0.540246
0.540252
0.54028
0.540291
0.540322
0.540341
0.540369
0.540373
0.540373
0.540363
0.540361
0.540377
0.540358
0.540352
0.540369
0.540322
0.540312
0.540283
0.540266
0.540258
0.540235
0.540217
0.540213
0.540189
0.540187
0.540206
0.540203
0.540214
0.540209
0.540211
0.540199
0.540174
0.540199
0.540193
0.540207
0.540199
0.540197
0.540179
0.540175
0.540204
0.540233
0.540241
0.540254
0.540247
0.54026
0.540276
0.540302
0.540313
0.540299
0.54027
0.540273
0.540299
0.540295
0.540281
0.540256
0.540263
0.54027
0.540257
0.540246
0.540244
0.540243
0.540249
0.540231
0.540219
0.540218
0.540221
0.540199
0.540204
0.540201
0.540235
0.540217
0.540231
0.540213
0.540228
0.540221
0.540215
0.540203
0.54022
0.540227
0.540208
0.540235
0.540219
0.54022
0.540202
0.540222
0.540241
0.540243
0.54021
0.540221
0.540227
0.540246
0.540245
0.540259
0.540239
0.540225
0.540232
0.540219
0.540198
0.540198
0.540209
0.5402
0.540194
0.540185
0.540185
0.540199
0.540192
0.540154
0.540158
0.540153
0.540139
0.540148
0.540149
0.540166
0.540174
0.540165
0.540159
0.540153
0.540159
0.540185
0.540184
0.540192
0.54018
0.540192
0.540208
0.540244
0.540271
0.54029
0.540306
0.540328
0.540324
0.540324
0.540345
0.540348
0.540344
0.540332
0.540337
0.540356
0.540351
0.540339
0.540326
0.540333
0.540341
0.540332
0.540346
0.54035
0.540367
0.54035
0.540327
0.540346
0.540355
0.540375
0.540366
0.540349
0.540351
0.540322
0.540307
0.540295
0.540291
0.540293
0.540278
0.540289
0.540299
0.540331
0.540338
0.540363
0.540359
0.540348
0.540354
0.540345
0.540354
0.540362
0.540374
0.54038
0.54036
0.540356
0.540347
0.540359
0.540343
0.540354
0.540344
0.540347
0.540365
0.540369
0.540359
0.540354
0.540333
0.540335
0.540344
0.540357
0.540383
0.540386
0.540409
0.540389
0.540403
0.540423
0.540417
0.540446
0.540429
0.540427
0.540437
0.540442
0.540456
0.540466
0.54046
