0.814004
0.817308
0.813718
0.815401
0.806242
0.807294
0.810769
0.812466
0.817292
0.820297
0.807865
0.797377
0.790146
0.779632
0.77342
0.766329
0.760822
0.755915
0.751832
0.748145
0.739569
0.729406
0.720402
0.713171
0.705243
0.699925
0.695999
0.690014
0.685892
0.680994
0.674345
0.668958
0.663612
0.657635
0.652803
0.64837
0.642575
0.636885
0.633149
0.628334
0.622657
0.61799
0.611987
0.606622
0.601106
0.596619
0.592849
0.588458
0.584182
0.580762
0.576003
0.572449
0.568146
0.56486
0.561661
0.558655
0.55524
0.553118
0.550108
0.547573
0.545213
0.542384
0.540019
0.537454
0.535043
0.532635
0.530491
0.528373
0.526803
0.524884
0.523335
0.522223
0.521037
0.519786
0.518704
0.51763
0.516304
0.515238
0.514465
0.513427
0.513139
0.512862
0.512934
0.512742
0.512333
0.511727
0.511856
0.512266
0.512283
0.512564
0.513688
0.514717
0.515712
0.5166
0.517663
0.518626
0.519379
0.520303
0.521134
0.521831
0.522678
0.523397
0.524336
0.525103
0.526026
0.526967
0.527852
0.528548
0.529551
0.530017
0.530789
0.531588
0.532116
0.533009
0.533876
0.534711
0.535158
0.535876
0.536514
0.537233
0.538076
0.538341
0.539152
0.54005
0.540644
0.541346
0.542118
0.542399
0.543024
0.543764
0.544497
0.545237
0.545604
0.54611
0.546721
0.547223
0.548096
0.54862
0.549213
0.549614
0.549877
0.550527
0.550957
0.551468
0.55197
0.552637
0.553339
0.554123
0.554725
0.554825
0.555507
0.55589
0.556311
0.556805
0.557501
0.558381
0.558782
0.559067
0.559305
0.559716
0.559804
0.560235
0.56043
0.560848
0.561142
0.561337
0.561627
0.561759
0.562172
0.562478
0.562797
0.563401
0.563613
0.563987
0.564377
0.56466
0.56511
0.565527
0.565974
0.566425
0.566756
0.567084
0.567467
0.567719
0.56794
0.5682
0.568286
0.568615
0.568938
0.569344
0.569646
0.57
0.570217
0.570658
0.570903
0.571073
0.571203
0.571497
0.571756
0.571933
0.572335
0.572888
0.573123
0.573371
0.573608
0.573884
0.574311
0.574703
0.57485
0.575008
0.575247
0.575486
0.575933
0.576287
0.576543
0.576705
0.576888
0.577132
0.577321
0.577598
0.577789
0.578087
0.578201
0.578491
0.578558
0.578945
0.578981
0.579134
0.579323
0.57963
0.579766
0.580099
0.580304
0.580436
0.580808
0.580803
0.581013
0.581392
0.581591
0.581698
0.581894
0.582105
0.582213
0.582256
0.582511
0.582626
0.582797
0.58295
0.583109
0.583134
0.583287
0.583347
0.583421
0.583608
0.58386
0.584057
0.584066
0.584346
0.584348
0.58462
0.584596
0.584771
0.584927
0.584953
0.585046
0.585152
0.585375
0.585244
0.585257
0.585304
0.585544
0.585675
0.585598
0.585645
0.585765
0.585931
0.58619
0.58631
0.586427
0.586576
0.586604
0.586732
0.586864
0.58693
0.586959
0.587121
0.587226
0.587404
0.587655
0.587766
0.587779
0.587812
0.587891
0.587948
0.588152
0.588161
0.588243
0.58826
0.58845
0.588603
0.588739
0.588809
0.588809
0.58898
0.589104
0.589242
0.589261
0.5894
0.589558
0.589526
0.589663
0.589795
0.589966
0.590117
0.590075
0.590149
0.590298
0.590378
0.590437
0.590489
0.590562
0.590672
0.590768
0.590873
0.591065
0.59109
0.591105
0.591257
0.591368
0.591554
0.591594
0.591555
0.591531
0.591606
0.591599
0.591692
0.591793
0.591761
0.591763
0.591757
0.591854
0.591867
0.59191
0.592033
0.592157
0.592213
0.592236
0.592273
0.592333
0.59231
0.592434
0.592571
0.59265
0.592754
0.592869
0.592945
0.593063
0.593139
0.593163
0.593235
0.593168
0.593202
0.59326
0.593321
0.593496
0.593409
0.593532
0.593624
0.593655
0.593682
0.593708
0.593896
0.593978
0.594101
0.594178
0.594054
0.594148
0.59428
0.594382
0.594491
0.594543
0.594645
0.594764
0.594885
0.59493
0.595097
0.595213
0.595362
0.595403
0.595425
0.595466
0.595594
0.595724
0.595836
0.595739
0.595901
0.596023
0.59614
0.596209
0.596207
0.596297
0.596374
0.59634
0.596342
0.596455
0.596585
0.596576
0.596656
0.59672
0.596761
0.596847
0.596961
0.597076
0.597115
0.59713
0.597265
0.597314
0.597345
0.597547
0.597669
0.597729
0.5978
0.59785
0.597897
0.597977
0.598015
0.598106
0.598118
0.598188
0.598256
0.598388
0.598626
0.598649
0.598705
0.598719
0.598851
0.59885
0.598917
0.598935
0.599044
0.599094
0.599183
0.599235
0.599302
0.599417
0.599376
0.599475
0.599502
0.599594
0.599582
0.59963
0.599654
0.599673
0.599666
0.599732
0.599759
0.599758
0.599928
0.60003
0.600108
0.600143
0.600256
0.600324
0.600436
0.600393
0.600444
0.600466
0.600477
0.600503
0.600479
0.600521
0.600564
0.600689
0.600719
0.600763
0.600807
0.600748
0.600745
0.600823
0.600902
0.600943
0.601041
0.601045
0.601018
0.601118
0.601145
0.601224
0.601274
0.601332
0.601397
0.601433
0.601491
0.60151
0.601582
0.601694
0.601706
0.601776
0.60173
0.601754
0.601842
0.601959
0.601984
0.602005
0.602017
0.602146
0.60215
0.602131
0.602184
0.602262
0.602329
0.602358
0.602442
0.602478
0.602597
0.602607
0.60263
0.602694
0.602726
0.602794
0.602747
0.602787
0.602845
0.602887
0.602918
0.60295
0.603033
0.60299
0.60305
0.603097
0.603142
0.603095
0.603108
0.603199
0.603222
0.603173
0.603221
0.60332
0.603384
0.603383
0.603488
0.603478
0.603541
0.603565
0.603668
0.603769
0.603891
0.603976
0.604022
0.603983
0.603949
0.604023
0.604081
0.604113
0.604229
0.60428
0.604387
0.604424
0.604434
0.604462
0.604473
0.604525
0.604551
0.604499
0.604513
0.604565
0.604634
0.604632
0.604624
0.604721
0.604771
0.604815
0.604838
0.604956
0.605036
0.605085
0.605145
0.605192
0.605272
0.605313
0.605382
0.605474
0.605529
0.605454
0.605492
0.605469
0.605426
0.605542
0.605709
0.605661
0.605675
0.605656
0.605652
0.605739
0.605796
0.605873
0.605939
0.605967
0.606037
0.606107
0.606155
0.606194
0.606178
0.606254
0.606297
0.606318
0.606345
0.606373
0.606443
0.606478
0.606388
0.606476
0.606548
0.606565
0.606635
0.606689
0.606743
0.606742
0.606849
0.606944
0.606963
0.607034
0.606968
0.607053
0.607065
0.607059
0.60708
0.607125
0.607202
0.607223
0.607226
0.607226
0.607215
0.607231
0.607241
0.607338
0.60736
0.60741
0.607448
0.607471
0.607449
0.607436
0.607488
0.607454
0.607541
0.607517
0.607474
0.607501
0.607549
0.607661
0.607743
0.607796
0.60783
0.60787
0.607952
0.607922
0.607961
0.608017
0.608028
0.608096
0.608143
0.608098
0.608169
0.608199
0.608197
0.608242
0.608301
0.608335
0.60838
0.608415
0.608446
0.608478
0.60851
0.608512
0.608625
0.608619
0.608616
0.608688
0.608663
0.608724
0.608766
0.608766
0.608786
0.608859
0.608897
0.60891
0.608938
0.608936
0.608931
0.608959
0.608975
0.608996
0.609031
0.609047
0.609046
0.609034
0.60912
0.609106
0.609079
0.609092
0.609088
0.609195
0.609267
0.609216
0.609231
0.609262
0.609313
0.609302
0.609345
0.609449
0.609447
0.609431
0.609428
0.609426
0.609452
0.609439
0.609439
0.60942
0.609417
0.609453
0.609405
0.609443
0.609431
0.609461
0.609473
0.609438
0.609413
0.60944
0.609458
0.60945
0.60943
0.609418
0.609444
0.609479
0.60951
0.609518
0.609471
0.609455
0.60945
0.609434
0.609391
0.609408
0.609426
0.609438
0.609442
0.60943
0.609452
0.609475
0.609476
0.609474
0.609466
0.609476
0.609509
0.609507
0.609523
0.609571
0.609633
0.60962
0.609618
0.609667
0.60968
0.609686
0.609686
0.609657
0.609684
0.609698
0.609711
0.60972
0.609711
0.609719
0.609722
0.609757
0.609803
0.609771
0.609782
0.609795
0.609768
0.609743
0.609665
0.60963
0.609623
0.609611
0.60964
0.609601
0.609591
0.60962
0.609658
0.609688
0.609704
0.609655
0.609623
0.609617
0.609618
0.609661
0.609679
0.609718
0.609751
0.609804
0.609814
0.60982
0.609781
0.609816
0.609826
0.609882
0.609881
0.609864
0.609817
0.609861
0.60983
0.609859
0.609837
0.609853
0.609865
0.609869
0.609896
0.609911
0.609963
0.609945
0.609951
0.609965
0.609979
0.609969
0.609981
0.610001
0.610031
0.610055
0.610103
0.610138
0.610183
0.610188
0.610145
0.610174
0.610178
0.610199
0.610236
0.610237
0.610235
0.610279
0.610281
0.610282
0.610295
0.610284
0.610288
0.610331
0.610279
0.61025
0.610307
0.610323
0.610361
0.610371
0.610388
0.610398
0.610397
0.61039
0.610431
0.610433
0.610398
0.610378
0.610373
0.610394
0.610381
0.610359
0.610319
0.610302
0.610331
0.610398
0.610418
0.610433
0.610417
0.610417
0.610421
0.610458
0.610509
0.610514
0.610512
0.61053
0.610569
0.610552
0.610579
0.610617
0.610614
0.610593
0.610635
0.61062
0.610587
0.610605
0.61062
0.610632
0.610658
0.610677
0.610662
0.61068
0.61071
0.610715
0.610729
0.610752
0.61075
0.610749
0.610773
0.610766
0.610781
0.610776
0.610846
0.610891
0.610884
0.610901
0.610904
0.610883
0.610829
0.610835
0.610892
0.610916
0.610919
0.610947
0.610971
0.611003
0.611018
0.611058
0.611061
0.611092
0.611159
0.611152
0.611153
0.611192
0.611192
0.611244
0.611281
0.611335
0.611332
0.611349
0.611349
0.611339
0.611332
0.611333
0.611406
0.611459
0.611474
0.611509
0.611557
0.611617
0.611673
0.611698
0.611711
0.611747
0.611795
0.611818
0.611848
0.61186
0.611865
0.61188
0.611871
0.611883
0.611864
0.61184
0.611812
0.611845
0.611853
0.611861
0.611862
0.611895
0.611917
0.611928
0.611924
0.61194
0.611921
0.61194
0.611922
0.611917
0.611955
0.611963
0.611986
0.612002
0.612025
0.612046
0.612043
0.612079
0.612079
0.61211
0.612136
0.612156
0.612185
0.612202
0.612201
0.612223
0.612255
0.612258
0.612251
0.612292
0.612347
0.612377
0.612372
0.612403
0.612395
0.612391
0.612369
0.612374
0.612393
0.612413
0.612396
0.612422
0.612415
0.612395
0.612436
0.612461
0.612475
0.612476
0.612476
0.612497
0.612515
0.612512
0.612529
0.612554
0.612576
0.612572
0.612554
0.612542
0.612554
0.612564
0.612589
0.612602
0.612611
0.612617
0.612642
0.612677
0.612682
0.612736
0.612715
0.612717
0.612685
0.61268
0.61272
0.612723
0.612704
0.6127
0.612707
0.612742
0.612749
0.612727
0.612756
0.612774
0.612787
0.612798
0.612817
0.612813
0.612783
0.612805
0.612807
0.612792
0.612811
0.612837
0.612815
0.612836
0.612861
0.612861
0.61286
0.612866
0.612887
0.612845
0.61282
0.612839
0.612832
0.612845
0.612842
0.612893
0.612938
0.612906
0.612933
0.612967
0.612947
0.612991
0.613033
0.613083
0.613116
0.613124
0.613154
0.613218
0.613239
0.613229
0.613209
0.613199
0.613178
0.61318
0.613195
0.613194
0.613189
0.613186
0.613202
0.613193
0.613193
0.613176
0.613193
0.613194
0.613218
0.613288
0.613303
0.613332
0.613363
0.613402
0.613403
0.613438
0.613463
0.613475
0.613482
0.613512
0.613527
0.613528
0.613525
0.613502
0.613512
0.613515
0.613539
0.613537
0.61355
0.613575
0.613551
0.613575
0.613582
0.613589
0.61362
0.613625
0.613618
0.613601
0.613617
0.613628
0.613624
0.613592
0.613563
0.613563
0.613571
0.613555
0.613545
0.613534
0.613587
0.613572
0.6136
0.6136
0.613603
0.613578
0.613631
0.613654
0.613684
0.613695
0.61373
0.613735
0.613746
0.613754
0.613746
0.613754
0.613799
0.613809
0.61383
0.613875
0.613907
0.613938
0.61397
0.613981
0.614008
0.614042
0.614067
0.614102
0.61409
0.614113
0.614105
0.614087
0.614091
0.614103
0.614105
0.614141
0.61416
0.614158
0.614172
0.614185
0.614204
0.61421
0.614247
0.614272
0.61431
0.614315
0.614333
0.614338
0.614316
0.614366
0.614348
0.614377
0.614393
0.614391
0.614399
0.61443
0.614413
0.614412
0.614459
0.614506
0.614512
0.614501
0.614531
0.614541
0.614535
0.614549
0.614562
0.614544
0.614543
0.614515
0.614504
0.614505
0.614527
0.61453
0.614538
0.614534
0.614537
0.614559
0.614569
0.614571
0.61462
0.614626
0.614651
0.614621
0.614634
0.614652
0.614676
0.614692
0.614726
0.614756
0.614773
0.614781
0.61478
0.614787
0.614811
0.614831
0.61483
0.614831
0.614864
0.614894
0.614901
0.614898
0.614926
0.614934
0.614959
0.61502
0.61503
0.615074
0.615088
0.615123
0.615116
0.615131
0.61513
0.615158
0.615158
0.615172
0.615194
0.615185
0.615166
0.615212
0.615257
0.615299
0.615343
0.615373
0.615387
0.615446
0.615447
0.615469
0.615485
0.615477
0.615495
0.61548
0.615478
0.615489
0.615501
0.615507
0.615484
0.61549
0.615488
0.615462
0.615451
0.615434
0.615458
0.615493
0.615507
0.615491
0.615501
0.615508
0.61553
0.615536
0.615515
0.615472
0.615463
0.615463
0.615473
0.615497
0.615489
0.615517
0.615546
0.615574
0.615571
0.61557
0.615576
0.615587
0.615597
0.615649
0.615655
0.615668
0.615671
0.615653
0.615677
0.615676
0.61572
0.615751
0.615774
0.615812
0.615826
0.61581
0.615796
0.615812
0.615809
0.615835
0.615834
0.615838
0.615872
0.615857
0.61588
0.615872
0.615865
0.615848
0.615847
0.615849
0.615856
0.61586
0.615859
0.615862
0.615842
0.615837
0.615837
0.615856
0.615858
0.615915
0.615926
0.615922
0.615928
0.615961
0.615983
0.615961
0.615966
0.615967
0.615981
0.616001
0.616025
0.61605
0.616055
0.616035
0.616055
0.616059
0.616087
0.616097
0.616077
0.61609
0.61613
0.61614
0.616143
0.616145
0.616142
0.616134
0.616126
0.616137
0.616126
0.616139
0.616147
0.616161
0.61617
0.616189
0.616202
0.616168
0.616193
0.616205
0.616206
0.616207
0.616203
0.616205
0.616186
0.616178
0.616198
0.616211
0.616208
0.616222
0.616236
0.616229
0.616253
0.616273
0.616284
0.61629
0.61629
0.616293
0.616294
0.616326
0.616308
0.616311
0.616342
0.616316
0.616326
0.616346
0.616371
0.616396
0.616403
0.616414
0.616466
0.616469
0.616462
0.616482
0.616488
0.616501
0.616507
0.616512
0.61653
0.616526
0.616515
0.616515
0.616514
0.616535
0.616556
0.616572
0.616578
0.616552
0.616594
0.616592
0.616569
0.616587
0.616613
0.616625
0.616639
0.616661
0.616679
0.616686
0.616673
0.616652
0.61663
0.616638
0.616622
0.61661
0.616622
0.61664
0.616633
0.616617
0.616628
0.616633
0.616649
0.616636
0.616631
0.616649
0.616661
0.616679
0.616679
0.616666
0.61667
0.616651
0.616691
0.616677
0.616688
0.616711
0.616722
0.616716
0.616747
0.616761
0.616744
0.616771
0.616801
0.616808
0.616801
0.616811
0.616812
0.616846
0.616853
0.616846
0.616839
0.61686
0.616856
0.616847
0.616859
0.616873
0.616896
0.616897
0.616891
0.616884
0.616864
0.616833
0.616818
0.616818
0.616802
0.616797
0.616822
0.616795
0.61679
0.616781
0.616826
0.616817
0.61682
0.616818
0.61679
0.616782
0.616787
0.616796
0.616817
0.616834
0.616845
0.616861
0.61686
0.616884
0.616884
0.616888
0.616883
0.616854
0.616873
0.616906
0.616914
0.616939
0.616965
0.61699
0.617013
0.617015
0.617033
0.617014
0.617013
0.617057
0.617047
0.617023
0.617018
0.617034
0.617028
0.61705
0.617059
0.617063
0.617081
0.617109
0.617105
0.617127
0.617135
0.617132
0.617123
0.617141
0.617151
0.617161
0.617164
0.617172
0.617188
0.617187
0.617185
0.617194
0.617201
0.617214
0.617208
0.617215
0.617207
0.617214
0.617232
0.617224
0.617234
0.61726
0.617274
0.617274
0.617293
0.617314
0.617318
0.617321
0.617325
0.617375
0.617396
0.617375
0.617374
0.617399
0.617396
0.617423
0.617464
0.617453
0.617477
0.617492
0.617531
0.617553
0.617544
0.61753
0.617539
0.617561
0.617572
0.617582
0.61758
0.617564
0.617544
0.617546
0.617562
0.617594
0.617575
0.617596
0.617581
0.61761
0.617624
0.617638
0.617634
0.617631
0.617643
0.617659
0.617644
0.617642
0.617651
0.617669
0.617676
0.617686
0.617682
0.617681
0.6177
0.617704
0.617717
0.617702
0.617701
0.617699
0.617699
0.617714
0.617697
0.617698
0.617708
0.617733
0.617747
0.617739
0.617739
0.617754
0.617753
0.617726
0.617715
0.617718
0.617732
0.617727
0.617762
0.617789
0.617791
0.61782
0.617814
0.617817
0.617802
0.61779
0.617783
0.61781
0.617844
0.617841
0.61785
0.617864
0.617865
0.617876
0.617878
0.617879
0.617899
0.617897
0.617918
0.617916
0.617928
0.617946
0.617962
0.617994
0.617956
0.617963
0.617926
0.617951
0.617949
0.617941
0.617965
0.617966
0.617979
0.617991
0.618002
0.618015
0.618004
0.618002
0.618022
0.618018
0.618031
0.618021
0.618047
0.618038
0.618043
0.618066
0.618036
0.618041
0.618023
0.618028
0.618026
0.618023
0.618036
0.618028
0.618035
0.618041
0.618045
0.618094
0.618096
0.618113
0.618125
0.618139
0.618131
0.61813
0.618169
0.618172
0.618183
0.618172
0.618184
0.618203
0.61822
0.618237
0.618253
0.618243
0.61823
0.618247
0.618275
0.618262
0.618262
0.618275
0.618288
0.618311
0.618328
0.618331
0.618322
0.618321
0.618342
0.618341
0.618322
0.618329
0.618332
0.618327
0.618338
0.618331
0.618322
0.618317
0.618332
0.618345
0.618313
0.618325
0.618331
0.618336
0.618342
0.61836
0.618366
0.618369
0.618363
0.61836
0.618382
0.618386
0.618394
0.618369
0.61839
0.618398
0.618411
0.618408
0.618412
0.61843
0.61845
0.61845
0.618452
0.618465
0.618473
0.61846
0.618435
0.618443
0.618441
0.618421
0.618429
0.618449
0.618457
0.61847
0.618492
0.618484
0.618478
0.618482
0.618489
0.618498
0.618501
0.618502
0.618503
0.618514
0.618522
0.618531
0.618523
0.618536
0.618547
0.618532
0.618537
0.618509
0.618504
0.61851
0.618523
0.618545
0.618556
0.618552
0.618556
0.618542
0.618531
0.618533
0.618521
0.618521
0.618521
0.618522
0.618537
0.618541
0.618541
0.618526
0.618517
0.618518
0.618514
0.61851
0.61851
0.618515
0.618515
0.618519
0.618524
0.618523
0.618528
0.618521
0.618538
0.618525
0.618509
0.618502
0.618477
0.618473
0.618493
0.618485
0.618467
0.618461
0.618454
0.618447
0.618454
0.618439
0.61845
0.618452
0.618446
0.618441
0.618441
0.61847
0.61847
0.618451
0.618459
0.618455
0.618465
0.618485
0.618469
0.618491
0.618488
0.618503
0.618506
0.618533
0.618527
0.618544
0.618539
0.618531
0.618529
0.618526
0.618527
0.618524
0.618529
0.618508
0.6185
0.618505
0.618498
0.6185
0.618522
0.618526
0.618513
0.618513
0.618527
0.618517
0.618504
0.618509
0.618506
0.618502
0.618493
0.618499
0.618503
0.61851
0.61851
0.618508
0.618489
0.61849
0.618493
0.618491
0.618481
0.61848
0.61846
0.618475
0.618483
0.618484
0.618477
0.618478
0.618478
0.618481
0.618482
0.618478
0.618489
0.618487
0.618504
0.618527
0.618527
0.61853
0.61855
0.618568
0.618579
0.618594
0.618601
0.61858
0.618589
0.618609
0.618621
0.618626
0.618637
0.618641
0.618652
0.61864
0.618656
0.618662
0.618654
0.618662
0.618652
0.618664
0.618656
0.618649
0.618661
0.618668
0.618681
0.618675
0.61866
0.618674
0.618689
0.618697
0.618715
0.618703
0.618742
0.618742
0.618746
0.618749
0.618726
0.618723
0.618701
0.618707
0.61871
0.618723
0.618734
0.618736
0.61872
0.618701
0.618721
0.61872
0.618715
0.618706
0.618693
0.618672
0.618653
0.618649
0.618667
0.618663
0.61866
0.618658
0.618669
0.618675
0.618692
0.618708
0.618719
0.618723
0.618739
0.618765
0.618764
0.618767
0.618773
0.618787
0.618783
0.618767
0.618776
0.618783
