0.458
0.488603
0.494345
0.497024
0.497799
0.501168
0.50514
0.507877
0.512461
0.513605
0.513088
0.513319
0.514374
0.517489
0.51897
0.519113
0.518438
0.518786
0.517411
0.515802
0.516942
0.51715
0.518998
0.519764
0.520719
0.519647
0.519745
0.51994
0.521637
0.52219
0.523562
0.523844
0.523822
0.523118
0.523327
0.523291
0.524194
0.52352
0.524739
0.52577
0.526703
0.52689
0.526466
0.526456
0.526865
0.526128
0.5261
0.525325
0.52639
0.52654
0.527394
0.527332
0.528294
0.528505
0.528829
0.529801
0.530595
0.529522
0.52971
0.529911
0.530053
0.530118
0.530862
0.530682
0.530981
0.532052
0.532173
0.532145
0.53264
0.532965
0.532945
0.533428
0.533228
0.533615
0.533134
0.532974
0.532264
0.53197
0.532369
0.532757
0.533035
0.533228
0.53336
0.533516
0.533239
0.533526
0.533359
0.533338
0.5332
0.533903
0.534124
0.53397
0.533951
0.53389
0.533849
0.534045
0.534414
0.534684
0.534924
0.535255
0.535082
0.534694
0.53463
0.534895
0.535012
0.535085
0.535253
0.535366
0.535788
0.535634
0.536055
0.536192
0.536121
0.536403
0.536564
0.536821
0.536811
0.536449
0.536784
0.537023
0.537489
0.537456
0.537446
0.537488
0.537425
0.537151
0.537193
0.536898
0.536874
0.537259
0.53726
0.537044
0.53697
0.537029
0.537265
0.537526
0.537445
0.537073
0.537268
0.53706
0.537132
0.537836
0.537644
0.537847
0.537718
0.53754
0.537629
0.537566
0.537691
0.537773
0.53766
0.537575
0.537793
0.537697
0.537689
0.537313
0.53745
0.537771
0.537774
0.5378
0.537603
0.537976
0.538131
0.538228
0.538282
0.538067
0.538021
0.538039
0.538091
0.538022
0.537894
0.537898
0.537923
0.538126
0.538192
0.538121
0.538034
0.537885
0.538101
0.538317
0.538344
0.538264
0.538188
0.538106
0.53814
0.538293
0.538372
0.538437
0.538605
0.538947
0.538832
0.5388
0.538849
0.538864
0.538809
0.538689
0.538583
0.538648
0.538745
0.538858
0.538839
0.538632
0.538693
0.538641
0.5385
0.538601
0.53871
0.53885
0.539064
0.53912
0.53939
0.539419
0.539388
0.539245
0.539183
0.539203
0.539009
0.53911
0.539107
0.539125
0.539276
0.539354
0.539568
0.539488
0.539571
0.539674
0.53967
0.539786
0.539853
0.539678
0.539556
0.539712
0.53988
0.539861
0.53977
0.539961
0.539997
0.540139
0.540226
0.540284
0.540184
0.540096
0.540208
0.540244
0.540165
0.53998
0.540048
0.539942
0.539964
0.539915
0.539777
0.539808
0.53987
0.539687
0.539872
0.539971
0.540068
0.539974
0.539906
0.539999
0.540166
0.540159
0.540219
0.540281
0.5405
0.540458
0.540315
0.540432
0.540378
0.540465
0.540609
0.540416
0.540533
0.540502
0.540525
0.540676
0.540863
0.540957
0.541046
0.54086
0.540899
0.540949
0.541124
0.541316
0.541342
0.541514
0.541369
0.541442
0.541447
0.541543
0.541567
0.541531
0.541465
0.541513
0.54123
0.541327
0.541244
0.541222
0.541167
0.541119
0.54114
0.541303
0.541245
0.541281
0.541281
0.541192
0.541144
0.541097
0.541089
0.541097
0.5413
0.541202
0.541091
0.541118
0.541131
0.541097
0.541053
0.541132
0.54101
0.540974
0.540989
0.54091
0.54078
0.540916
0.541001
0.541019
0.540997
0.540974
0.540916
0.540953
0.541058
0.540996
0.540795
0.54068
0.540649
0.540727
0.540784
0.54085
0.541013
0.54105
0.541048
0.541211
0.541328
0.541334
0.54114
0.541183
0.540939
0.540866
0.540943
0.540998
0.540981
0.540853
0.540986
0.541095
0.540923
0.540897
0.54073
0.54071
0.540761
0.54072
0.540743
0.540615
0.540532
0.540575
0.540579
0.540547
0.540566
0.540585
0.54063
0.540631
0.540717
0.540846
0.540997
0.541039
0.540869
0.540837
0.540847
0.54097
0.541152
0.541278
0.541207
0.541216
0.541259
0.541177
0.541245
0.54127
0.54125
0.541306
0.541291
0.541271
0.541188
0.541164
0.541057
0.541028
0.540991
0.540989
0.541161
0.541177
0.541173
0.541186
0.541353
0.541399
0.541326
0.541406
0.541561
0.541649
0.541661
0.541692
0.541615
0.541588
0.541579
0.541636
0.54165
0.54165
0.541647
0.541707
0.54171
0.541708
0.541735
0.54186
0.541857
0.541866
0.541834
0.541968
0.541955
0.541849
0.541934
0.541899
0.541891
0.541902
0.541897
0.5419
0.541874
0.541828
0.541868
0.541924
0.541999
0.541998
0.542094
0.542126
0.542129
0.542004
0.542052
0.542022
0.541961
0.541926
0.542068
0.542025
0.542065
0.542009
0.541992
0.542031
0.541997
0.541902
0.541956
0.542101
0.542256
0.54217
0.542178
0.5422
0.542232
0.542323
0.542295
0.542243
0.542316
0.542297
0.542269
0.542231
0.542331
0.542305
0.542314
0.542349
0.542477
0.542483
0.542445
0.542476
0.542461
0.542502
0.542442
0.542515
0.542457
0.542435
0.54243
0.542465
0.542564
0.542645
0.542627
0.542677
0.542693
0.542664
0.542676
0.542802
0.542839
0.542776
0.542744
0.542694
0.542716
0.54272
0.542635
0.542624
0.542589
0.542582
0.542581
0.542577
0.542492
0.542488
0.542531
0.542563
0.542508
0.542482
0.542551
0.542531
0.542541
0.542589
0.542557
0.542552
0.542621
0.542735
0.542749
0.542708
0.542582
0.5426
0.542546
0.542495
0.542503
0.542532
0.542548
0.542453
0.542502
0.542518
0.542522
0.542469
0.542452
0.542484
0.542506
0.542552
0.542607
0.542512
0.542465
0.542487
0.542452
0.542466
0.542398
0.542409
0.542451
0.542394
0.542497
0.542457
0.542455
0.542482
0.542517
0.542601
0.542567
0.542509
0.542523
0.542571
0.542644
0.54257
0.542634
0.542632
0.542675
0.542652
0.542593
0.542599
0.542576
0.542635
0.542629
0.542704
0.542862
0.54291
0.542999
0.542965
0.543077
0.543106
0.543129
0.543185
0.543175
0.543079
0.543093
0.543114
0.54312
0.54309
0.543048
0.543102
0.543085
0.543143
0.543032
0.543136
0.543162
0.543188
0.543169
0.543127
0.54312
0.543201
0.543229
0.543254
0.543182
0.543231
0.5432
0.543116
0.543164
0.543181
0.543204
0.543266
0.543265
0.543223
0.543203
0.543296
0.543296
0.543314
0.543367
0.543406
0.543418
0.543504
0.543519
0.543574
0.543637
0.543703
0.543583
0.543559
0.543508
0.543608
0.543599
0.543632
0.543646
0.543687
0.543628
0.543633
0.543597
0.543503
0.543522
0.543467
0.543503
0.543496
0.543498
0.543422
0.543503
0.543585
0.543608
0.543599
0.543615
0.543601
0.543649
0.543643
0.543671
0.54369
0.543685
0.543666
0.543655
0.543678
0.543714
0.543788
0.543747
0.543834
0.543725
0.543745
0.543707
0.543645
0.543646
0.543684
0.543653
0.543694
0.543701
0.543673
0.543642
0.543602
0.543623
0.543686
0.543703
0.543669
0.54364
0.543611
0.54359
0.543556
0.543519
0.543516
0.543469
0.54346
0.543468
0.543414
0.543395
0.543361
0.543288
0.543245
0.543237
0.54327
0.543357
0.543353
0.543354
0.543414
0.543379
0.543479
0.54347
0.543503
0.543487
0.54351
0.543458
0.543469
0.543479
0.543503
0.543479
0.543498
0.543459
0.543499
0.543445
0.543493
0.543541
0.543506
0.543469
0.543488
0.543461
0.543482
0.543516
0.543472
0.543416
0.543458
0.543453
0.543421
0.543474
0.543374
0.543353
0.543383
0.543374
0.54341
0.543306
0.543356
0.543359
0.543361
0.54339
0.543429
0.543386
0.543432
0.543445
0.543425
0.543425
0.543498
0.54345
0.543495
0.543529
0.543556
0.543524
0.543483
0.543449
0.543474
0.543551
0.543503
0.543441
0.543419
0.543383
0.543459
0.543439
0.543441
0.543445
0.54348
0.543468
0.543471
0.543438
0.543424
0.54338
0.543432
0.543366
0.54342
0.543455
0.543493
0.543487
0.543494
0.543486
0.543489
0.54351
0.543496
0.543471
0.543483
0.543472
0.543477
0.543418
0.543425
0.543462
0.543469
0.543447
0.543401
0.543433
0.543411
0.543456
0.543466
0.543476
0.543491
0.543481
0.543449
0.543457
0.543504
0.543449
0.543485
0.543462
0.543412
0.543434
0.543472
0.543453
0.543518
0.543549
0.543547
0.543508
0.543428
0.543366
0.543328
0.543363
0.543335
0.543342
0.543349
0.543341
0.5433
0.543241
0.543285
0.543305
0.543345
0.543335
0.543391
0.543339
0.543387
0.543378
0.543379
0.543321
0.5433
0.543365
0.543369
0.543377
0.543357
0.543392
0.543414
0.543473
0.543468
0.543498
0.543494
0.543498
0.543503
0.543559
0.543536
0.543526
0.543548
0.54357
0.543583
0.543575
0.543596
0.543603
0.543556
0.543554
0.543536
0.543519
0.54354
0.543519
0.543546
0.543582
0.543572
0.543578
0.54355
0.543477
0.543425
0.543421
0.543396
0.5434
0.543405
0.54343
0.543461
0.543423
0.543426
0.54343
0.543401
0.543394
0.543448
0.543454
0.54347
0.543529
0.543502
0.543508
0.543475
0.54343
0.543444
0.543449
0.543495
0.543502
0.543483
0.543428
0.543435
0.543428
0.543407
0.543386
0.543439
0.543408
0.54343
0.543464
0.543507
0.543472
0.543494
0.543529
0.543592
0.543613
0.543673
0.543635
0.543652
0.543693
0.543696
0.543687
0.54365
0.543623
0.543623
0.543598
0.543609
0.543604
0.543588
0.543633
0.543634
0.543645
0.543618
0.543679
0.543677
0.543699
0.543697
0.543701
0.543712
0.543774
0.543783
0.543764
0.543753
0.543719
0.543684
0.543622
0.543661
0.543659
0.543599
0.543628
0.543631
0.543588
0.543555
0.543582
0.543594
0.543585
0.543557
0.543539
0.543517
0.543505
0.54346
0.543443
0.543403
0.543343
0.543344
0.543376
0.54335
0.54333
0.543348
0.543453
0.543471
0.5435
0.543484
0.543504
0.543529
0.543494
0.543543
0.54349
0.543436
0.543491
0.543485
0.543472
0.543564
0.543573
0.543524
0.543568
0.543587
0.543592
0.543624
0.543605
0.543684
0.543745
0.543689
0.543695
0.54379
0.543798
0.543805
0.543808
0.543821
0.543814
0.543838
0.543846
0.543797
0.543783
0.543808
0.543883
0.543823
0.543808
0.543812
0.543818
0.543765
0.543747
0.543758
0.543765
0.543754
0.543789
0.543774
0.54381
0.543791
0.543802
0.543823
0.54386
0.543872
0.543892
0.543884
0.543888
0.543905
0.543856
0.543863
0.543843
0.543863
0.543889
0.54392
0.543902
0.543929
0.543934
0.543965
0.543993
0.544055
0.544058
0.544021
0.544041
0.544058
0.544095
0.544077
0.544073
0.544047
0.543987
0.54398
0.543946
0.543961
0.543903
0.543945
0.543995
0.543999
0.543976
0.54398
0.543973
0.543961
0.54397
0.543949
0.543975
0.54398
0.543994
0.544007
0.544002
0.543975
0.543999
0.544041
0.544003
0.543982
0.544009
0.544061
0.544035
0.544085
0.544041
0.544042
0.544064
0.54405
0.544042
0.544062
0.544054
0.544062
0.544054
0.54403
0.543996
0.543999
0.543971
0.543943
0.543929
0.543878
0.543825
0.543785
0.543755
0.543726
0.543772
0.543825
0.543783
0.543793
0.543815
0.543837
0.543775
0.54377
0.543727
0.54372
0.543699
0.543681
0.54369
0.543698
0.543691
0.543662
0.543649
0.543594
0.543608
0.543556
0.543564
0.543604
0.543607
0.543601
0.543581
0.5436
0.543604
0.543612
0.543579
0.543576
0.543567
0.543576
0.54359
0.543583
0.543603
0.543623
0.543618
0.543663
0.543673
0.543646
0.543621
0.543603
0.543642
0.543645
0.543646
0.543623
0.543606
0.543615
0.543616
0.543574
0.54358
0.543598
0.543603
0.543631
0.543682
0.543674
0.543654
0.543643
0.54366
0.543651
0.543702
0.54364
0.543636
0.543633
0.543625
0.543628
0.543615
0.543588
0.543641
0.54369
0.543689
0.543669
0.543688
0.543667
0.543616
0.543611
0.543639
0.543597
0.543544
0.543545
0.54353
0.543535
0.543537
0.543534
0.543571
0.543551
0.543617
0.543592
0.543631
0.543626
0.543646
0.543637
0.543644
0.543664
0.543697
0.543729
0.54375
0.543749
0.543753
0.543753
0.543696
0.5437
0.543723
0.543724
0.543772
0.543766
0.543752
0.543691
0.543683
0.54366
0.543622
0.543677
0.543698
0.543663
0.543605
0.543592
0.543619
0.543591
0.543607
0.543651
0.54367
0.543638
0.543619
0.543619
0.543602
0.543587
0.543562
0.543588
0.543663
0.543662
0.54363
0.543647
0.543642
0.543612
0.543592
0.543577
0.543587
0.543562
0.543531
0.543594
0.543548
0.543573
0.543601
0.543559
0.543591
0.543602
0.54361
0.54362
0.543634
0.543593
0.543604
0.54361
0.543605
0.543608
0.543577
0.543569
0.54355
0.543564
0.543548
0.543577
0.5436
0.543634
0.543665
0.543657
0.543648
0.543636
0.543644
0.543657
0.543685
0.543712
0.543747
0.543707
0.543667
0.543714
0.54374
0.543731
0.543734
0.543719
0.543746
0.543775
0.543799
0.543801
0.543794
0.543803
0.543776
0.543773
0.54374
0.543754
0.543752
0.543733
0.543709
0.543688
0.543705
0.543695
0.543676
0.543634
0.543641
0.543619
0.543629
0.543644
0.543623
0.543632
0.543664
0.543681
0.543642
0.543669
0.543667
0.543688
0.543706
0.543705
0.543701
0.543708
0.543726
0.543716
0.543697
0.543677
0.543687
0.543673
0.543632
0.543621
0.543626
0.543612
0.543626
0.543623
0.54366
0.543665
0.543666
0.543645
0.543628
0.543613
0.543649
0.543662
0.543656
0.543651
0.543671
0.543678
0.543728
0.543738
0.543721
0.543751
0.543737
0.54373
0.543748
0.543737
0.54378
0.543784
0.543812
0.543835
0.543818
0.543823
0.543831
0.543887
0.543863
0.543835
0.543862
0.543825
0.543822
0.543834
0.543807
0.543849
0.543868
0.543886
0.543848
0.543886
0.543859
0.543856
0.543827
0.54382
0.543808
0.543806
0.543815
0.543854
0.543854
0.543857
0.543856
0.543855
0.543875
0.543894
0.543885
0.543889
0.543915
0.543962
0.543941
0.543937
0.543934
0.543938
0.543947
0.543949
0.543948
0.543952
0.543945
0.543972
0.543996
0.543991
0.543974
0.543978
0.543996
0.543992
0.54397
0.543968
0.54398
0.54398
0.543995
0.543939
0.543975
0.543977
0.543984
0.543912
0.543899
0.543893
0.543877
0.543873
0.543879
0.543866
0.543902
0.543881
0.543892
0.543912
0.543896
0.54389
0.543879
0.543851
0.543858
0.543841
0.543853
0.543832
0.543817
0.54385
0.543858
0.543861
0.543875
0.543897
0.543911
0.543925
0.543946
0.543958
0.543971
0.543944
0.543915
0.543917
0.543923
0.543956
0.543926
0.543938
0.543935
0.543954
0.543995
0.544002
0.54399
0.543964
0.54397
0.543912
0.543886
0.5439
0.543917
0.543856
0.543861
0.543841
0.543872
0.543888
0.543906
0.543906
0.5439
0.543848
0.543817
0.543806
0.543809
0.543813
0.543775
0.543774
0.543757
0.543723
0.543729
0.543713
0.543741
0.543794
0.543798
0.543783
0.54379
0.543791
0.543787
0.54374
0.543738
0.543755
0.543765
0.543785
0.5438
0.543801
0.543809
0.543815
0.543819
0.54383
0.543842
0.54381
0.543816
0.543849
0.543815
0.543795
0.543783
0.543756
0.543763
0.54375
0.54372
0.54371
0.54368
0.543699
0.543655
0.543643
0.54365
0.543666
0.543679
0.543676
0.543671
0.543646
0.543638
0.54365
0.543644
0.543672
0.543702
0.543714
0.543733
0.543724
0.543697
0.543687
0.543652
0.543648
0.543651
0.54365
0.543649
0.543668
0.543684
0.543683
0.543674
0.543678
0.543681
0.54368
0.543684
0.543696
0.543697
0.543682
0.54369
0.543687
0.543683
0.543677
0.543641
0.543612
0.543609
0.54361
0.543641
0.543639
0.543611
0.543632
0.543626
0.543665
0.543661
0.543675
0.54369
0.543669
0.543661
0.54367
0.543694
0.543683
0.543698
0.543668
0.543688
0.543701
0.543723
0.543714
0.543692
0.543712
0.543709
0.543685
0.543707
0.543705
0.54372
0.543734
0.543713
0.543729
0.543719
0.54374
0.543779
0.543781
0.543798
0.543804
0.543812
0.543791
0.543801
0.543822
0.543801
0.543802
0.543785
0.543796
0.543813
0.543817
0.543804
0.54381
0.543795
0.543794
0.543804
0.543818
0.543802
0.543785
0.543795
0.543754
0.543745
0.54378
0.543826
0.543816
0.543847
0.543819
0.543805
0.543808
0.543835
0.543841
0.54385
0.543864
0.543866
0.543852
0.543829
0.543809
0.543812
0.543816
0.543824
0.543813
0.543803
0.543803
0.543782
0.543787
0.543799
0.543798
0.543783
0.543791
0.543803
0.543769
0.543784
0.543761
0.543768
0.54377
0.543768
0.543744
0.543757
0.543721
0.543725
0.543702
0.543694
0.543701
0.543707
0.543738
0.543748
0.54373
0.543715
0.543666
0.543632
0.54362
0.543643
0.543645
0.543663
0.543627
0.54365
0.543673
0.543664
0.543666
0.543661
0.543682
0.543697
0.543671
0.543653
0.543666
0.543644
0.543643
0.543675
0.543657
0.543667
0.543655
0.543642
0.543659
0.543663
0.543624
0.543628
0.543597
0.543659
0.543642
0.543651
0.543647
0.543642
0.543629
0.543646
0.543665
0.543653
0.543664
0.543671
0.543676
0.543692
0.543705
0.543697
0.543663
0.543659
0.543632
0.543659
0.543641
0.543654
0.543658
0.54368
0.543662
0.543653
0.54364
0.543597
0.543594
0.54357
0.543569
0.543581
0.543583
0.543569
0.543572
0.543552
0.543586
0.543596
0.543569
0.543532
0.543543
0.543532
0.543544
0.543535
0.54355
0.543567
0.543572
0.543582
0.543529
0.543543
0.543564
0.543559
0.543539
0.543539
0.543531
0.543505
0.543462
0.543489
0.543469
0.543471
0.54344
0.543446
0.543445
0.543448
0.54345
0.543419
0.543403
0.543403
0.543387
0.543386
0.543393
0.543384
0.543376
0.543386
0.5434
0.543386
0.543416
0.543424
0.543419
0.543408
0.543394
0.54339
0.543391
0.543383
0.54339
0.543405
0.543411
0.543402
0.54339
0.543407
0.543386
0.543383
0.543375
0.543384
0.543395
0.543388
0.54339
0.543408
0.543399
0.543398
0.543431
0.543445
0.543425
0.543428
0.543446
0.543456
0.543453
0.543457
0.543441
0.543438
0.543453
0.543453
0.54346
0.54347
0.543483
0.543471
0.543488
0.543465
0.543444
0.54341
0.54339
0.543389
0.543385
0.543405
0.543417
0.543431
0.543429
0.543414
0.543388
0.543389
0.543397
0.543405
0.543413
0.543409
0.543424
0.543413
0.543405
0.543438
0.543449
0.543426
0.54344
0.543468
0.543489
0.543462
0.543454
0.543415
0.543438
0.543425
0.543408
0.543386
0.543373
0.543404
0.543404
0.543426
0.543427
0.543438
0.543423
0.543435
0.543441
0.543445
0.543432
0.543433
0.54344
0.543458
0.543478
0.543504
0.543495
0.543465
0.543474
0.543488
0.543501
0.543504
0.543508
0.543539
0.543531
0.543492
0.543489
0.543499
0.543503
0.543515
0.543512
0.543507
0.54353
0.543513
0.543492
0.543494
0.543481
0.543494
0.543484
0.543498
0.543512
0.543521
0.543512
0.543518
0.543535
0.543527
0.543555
0.543525
0.543525
0.543533
0.543527
0.543523
0.543548
0.543578
0.543592
0.54359
0.543594
0.543577
0.543549
0.543534
0.543571
0.543554
0.543567
0.543596
0.543589
0.5436
0.543603
0.543599
0.543596
0.543613
0.543596
0.543556
0.543549
0.543521
0.543498
0.543489
0.543457
0.543486
0.543481
0.543467
0.543478
0.543489
0.543492
0.543473
0.543506
0.543495
0.543473
0.543511
0.543524
0.543502
0.543507
0.543496
0.543512
0.543501
0.543487
0.543497
0.543496
0.5435
0.543499
0.543481
0.543482
0.543501
0.543502
0.543475
0.543491
0.543506
0.543468
0.543452
0.543439
0.543461
0.543502
0.543525
0.543517
0.543517
0.543517
0.543516
0.543511
0.543505
0.543523
0.54351
0.543503
0.543494
0.543494
0.543486
0.54348
0.543513
0.543487
0.543494
0.543511
0.543497
0.543509
0.54352
0.543532
0.543526
0.543561
0.543542
0.543525
0.543528
0.543545
0.543527
0.543522
0.543536
0.543545
0.543514
0.543517
0.543523
0.543518
0.543521
0.543529
0.543532
0.543541
0.543535
0.543555
0.543549
0.543513
0.543534
0.543505
0.543528
0.543531
0.543515
0.543499
0.543506
0.543506
0.543519
0.543533
0.543538
0.543554
0.543563
0.543558
0.543554
0.543563
0.543579
