0.465385
0.464143
0.477513
0.498516
0.5
0.504246
0.513239
0.516543
0.517376
0.510348
0.512621
0.51313
0.514606
0.513889
0.516975
0.517783
0.51992
0.522727
0.522979
0.523834
0.525591
0.525267
0.524662
0.528799
0.529716
0.528625
0.529782
0.530387
0.530158
0.529842
0.528992
0.527961
0.529309
0.528981
0.529735
0.529805
0.528906
0.530558
0.532204
0.531934
0.531716
0.532568
0.530295
0.530556
0.528616
0.529786
0.530461
0.531038
0.531034
0.530415
0.532387
0.533516
0.533615
0.533103
0.532993
0.531742
0.531662
0.532487
0.53121
0.53104
0.529882
0.52967
0.530112
0.530596
0.53067
0.530569
0.531217
0.531088
0.530179
0.530614
0.531375
0.531663
0.531486
0.531535
0.53183
0.531592
0.532068
0.531687
0.531289
0.531727
0.531915
0.53184
0.531369
0.531818
0.532772
0.533153
0.533552
0.533258
0.532615
0.532049
0.532742
0.532162
0.53223
0.532465
0.53226
0.532134
0.531909
0.531295
0.530678
0.530503
0.530905
0.531453
0.531361
0.531648
0.531671
0.531585
0.531778
0.531568
0.531314
0.531131
0.531095
0.532085
0.531891
0.531962
0.532079
0.532961
0.533469
0.533364
0.532447
0.532981
0.533645
0.53343
0.532974
0.532911
0.533002
0.533203
0.533427
0.533376
0.533223
0.53301
0.53291
0.532875
0.533036
0.532891
0.532877
0.533191
0.533488
0.533903
0.533773
0.533179
0.533288
0.533557
0.533633
0.533333
0.533521
0.533406
0.533057
0.533255
0.532977
0.532632
0.532621
0.533197
0.533445
0.53401
0.534144
0.53392
0.533684
0.533869
0.534082
0.534523
0.534717
0.534522
0.535144
0.535074
0.53527
0.535501
0.535421
0.535723
0.535747
0.535932
0.536123
0.536264
0.536431
0.536478
0.53649
0.536749
0.537166
0.537303
0.537724
0.537662
0.537691
0.537669
0.537714
0.537849
0.538246
0.538198
0.53796
0.537877
0.537985
0.537917
0.537846
0.537648
0.537543
0.537684
0.537771
0.538115
0.538374
0.538072
0.538231
0.538027
0.538215
0.538376
0.538392
0.538618
0.538978
0.539143
0.539454
0.539524
0.539499
0.539774
0.539884
0.540217
0.540137
0.539882
0.53944
0.539453
0.53957
0.539705
0.539561
0.539748
0.539929
0.539715
0.539734
0.540019
0.539916
0.539662
0.539333
0.539408
0.539271
0.539351
0.539534
0.53968
0.539519
0.539571
0.539617
0.539299
0.539618
0.539397
0.539492
0.539766
0.540042
0.540131
0.54025
0.540453
0.540402
0.540348
0.540328
0.540465
0.540477
0.540609
0.540502
0.540458
0.540461
0.540516
0.540899
0.541194
0.541359
0.541683
0.541679
0.541728
0.541575
0.541556
0.541655
0.541752
0.541807
0.541908
0.542015
0.542319
0.542256
0.542205
0.542436
0.5424
0.541955
0.541963
0.542192
0.542227
0.542376
0.54225
0.542378
0.542218
0.542254
0.542153
0.542018
0.541998
0.542117
0.542149
0.54211
0.542204
0.542116
0.542041
0.542239
0.542206
0.542138
0.542122
0.542086
0.542116
0.542435
0.542251
0.542452
0.542221
0.542062
0.541972
0.541996
0.541969
0.542
0.541931
0.54182
0.541778
0.542023
0.541836
0.541935
0.541896
0.542148
0.542267
0.542086
0.542077
0.542074
0.542092
0.542352
0.542828
0.542637
0.542617
0.54256
0.542409
0.542356
0.542469
0.542403
0.542308
0.542238
0.542194
0.542316
0.542261
0.542341
0.542624
0.542567
0.542536
0.542435
0.542362
0.54234
0.542336
0.542409
0.542394
0.542309
0.542384
0.542263
0.542317
0.542262
0.54218
0.542077
0.541978
0.541872
0.541886
0.541754
0.541837
0.541668
0.541716
0.541527
0.541697
0.541594
0.541784
0.541819
0.541638
0.541669
0.541604
0.541548
0.541551
0.54158
0.541469
0.541594
0.541753
0.54175
0.541641
0.541714
0.541526
0.541311
0.541273
0.54149
0.541702
0.541709
0.541463
0.54147
0.541491
0.54149
0.541469
0.541472
0.541608
0.541618
0.541784
0.541753
0.541639
0.541702
0.541736
0.541932
0.541967
0.542089
0.542263
0.541944
0.541814
0.541756
0.541796
0.541912
0.541663
0.541643
0.541674
0.541782
0.541582
0.541484
0.541464
0.54127
0.541201
0.541353
0.54117
0.541258
0.541092
0.541036
0.541194
0.541072
0.541191
0.541233
0.541291
0.541268
0.541312
0.541442
0.541353
0.541349
0.541416
0.541267
0.54125
0.541301
0.541421
0.541386
0.541378
0.541201
0.541242
0.541358
0.54141
0.541231
0.54126
0.541394
0.541492
0.541577
0.541602
0.541573
0.541707
0.541777
0.541835
0.541734
0.54176
0.541701
0.541488
0.541624
0.541628
0.541633
0.541655
0.541529
0.541742
0.541663
0.541616
0.541701
0.541794
0.541796
0.541768
0.541852
0.541952
0.541851
0.541919
0.541931
0.541927
0.541822
0.54161
0.541645
0.541685
0.541822
0.541766
0.541771
0.541788
0.541794
0.541718
0.541764
0.541634
0.541741
0.541971
0.54195
0.54197
0.541983
0.542088
0.542041
0.542161
0.542012
0.542142
0.54209
0.542041
0.541991
0.542035
0.542055
0.542021
0.542018
0.542155
0.542161
0.542184
0.542166
0.542127
0.542264
0.542236
0.542275
0.542391
0.542454
0.542486
0.542653
0.542608
0.542568
0.542527
0.542761
0.542722
0.542761
0.542792
0.542675
0.542586
0.542543
0.542403
0.542517
0.542459
0.542532
0.542623
0.542511
0.542423
0.542386
0.542438
0.542492
0.542524
0.542577
0.542622
0.542668
0.54271
0.542793
0.542876
0.542923
0.542854
0.542787
0.542893
0.542916
0.542919
0.543085
0.543048
0.543069
0.5431
0.543033
0.543037
0.543054
0.543024
0.543007
0.542884
0.543
0.542819
0.542737
0.542763
0.542894
0.543002
0.542942
0.542906
0.542877
0.542862
0.542855
0.542775
0.5427
0.542723
0.542615
0.542582
0.542536
0.542498
0.542528
0.542512
0.542449
0.542484
0.542408
0.542512
0.542534
0.54243
0.542383
0.542488
0.5425
0.542464
0.542494
0.542489
0.542328
0.542401
0.542366
0.542437
0.542341
0.542321
0.54229
0.542358
0.54243
0.54243
0.542472
0.542402
0.542342
0.542403
0.542461
0.542516
0.542554
0.542642
0.542591
0.542671
0.542821
0.542778
0.542842
0.54285
0.542805
0.542871
0.542916
0.542901
0.543014
0.543041
0.543141
0.543112
0.54321
0.54321
0.543221
0.543211
0.543233
0.543243
0.543222
0.543225
0.543267
0.543195
0.543317
0.543244
0.543281
0.543276
0.543341
0.543241
0.543232
0.543276
0.543285
0.54332
0.543272
0.54323
0.543243
0.543181
0.543127
0.543082
0.543131
0.542966
0.542952
0.542957
0.543038
0.543043
0.543059
0.542991
0.543041
0.543079
0.543055
0.543073
0.542966
0.542992
0.542974
0.543035
0.543042
0.543071
0.543127
0.543223
0.543231
0.543164
0.543291
0.54331
0.54333
0.54333
0.54335
0.543491
0.543503
0.543486
0.54342
0.54344
0.543341
0.543301
0.543369
0.543435
0.5435
0.543562
0.543561
0.54355
0.543574
0.543464
0.543435
0.543287
0.543278
0.543293
0.543178
0.543051
0.54307
0.543168
0.543131
0.543158
0.543177
0.543239
0.543356
0.543408
0.543524
0.543494
0.543526
0.543516
0.543547
0.543523
0.543609
0.543648
0.543662
0.543561
0.543449
0.543266
0.543264
0.543298
0.543333
0.543203
0.543145
0.543138
0.54317
0.543301
0.543337
0.543362
0.543508
0.543618
0.54353
0.543539
0.543529
0.543512
0.543517
0.543602
0.543605
0.543615
0.543655
0.543617
0.543641
0.543639
0.543567
0.543586
0.543527
0.543542
0.543519
0.543508
0.54342
0.543466
0.543496
0.543551
0.543611
0.543644
0.543544
0.543539
0.543478
0.543469
0.543393
0.543407
0.543458
0.543487
0.543539
0.543558
0.543529
0.543401
0.543523
0.54359
0.543569
0.543627
0.543697
0.54381
0.543773
0.543705
0.543729
0.543811
0.543853
0.543822
0.543779
0.543776
0.543712
0.543575
0.543616
0.543642
0.543583
0.543557
0.543612
0.543612
0.5436
0.54365
0.543663
0.543693
0.543686
0.543649
0.543602
0.543626
0.543563
0.543407
0.543388
0.543389
0.543435
0.543439
0.543524
0.543418
0.543397
0.543369
0.54332
0.5433
0.543326
0.543291
0.543266
0.543306
0.543348
0.543371
0.543274
0.5432
0.543177
0.543169
0.543173
0.543215
0.543187
0.543092
0.543091
0.543081
0.543041
0.54306
0.542953
0.542927
0.542953
0.542947
0.542877
0.542889
0.542845
0.542763
0.542674
0.542714
0.542742
0.542649
0.542614
0.542568
0.542655
0.542611
0.542578
0.542549
0.542522
0.54257
0.542464
0.542451
0.542482
0.542499
0.542502
0.542507
0.542545
0.542499
0.542464
0.542407
0.542463
0.542438
0.542414
0.542481
0.542361
0.542339
0.542411
0.54244
0.542475
0.542465
0.542457
0.542442
0.542444
0.542379
0.542416
0.542433
0.54242
0.542372
0.542392
0.542463
0.542427
0.542399
0.542512
0.542531
0.54257
0.5426
0.542623
0.542681
0.542594
0.542616
0.542651
0.542709
0.542715
0.542759
0.542753
0.542669
0.542681
0.542698
0.542742
0.542774
0.542789
0.542761
0.542698
0.542684
0.54261
0.542599
0.542688
0.542712
0.542667
0.54268
0.542534
0.542587
0.542617
0.542588
0.542669
0.542693
0.542652
0.54266
0.542628
0.542594
0.542597
0.54263
0.542701
0.542703
0.542774
0.542756
0.542725
0.542812
0.542848
0.542811
0.542781
0.542785
0.542836
0.542774
0.542655
0.542667
0.542705
0.542765
0.542702
0.542733
0.542607
0.542632
0.542601
0.542582
0.542486
0.542537
0.542555
0.542576
0.54258
0.542642
0.54262
0.542686
0.542701
0.542722
0.542641
0.54271
0.542622
0.542701
0.54273
0.542776
0.542763
0.542732
0.542775
0.542759
0.542697
0.542733
0.542711
0.54282
0.542806
0.542734
0.542707
0.542722
0.54276
0.542827
0.542831
0.542848
0.542913
0.542912
0.542932
0.542933
0.542975
0.542978
0.542915
0.542907
0.54279
0.542815
0.542786
0.542748
0.542727
0.542733
0.542716
0.54265
0.542652
0.542725
0.542721
0.542772
0.542727
0.542807
0.542794
0.542704
0.542768
0.542823
0.542934
0.542918
0.542938
0.542952
0.542954
0.542876
0.542886
0.542861
0.542798
0.542786
0.542729
0.542848
0.542809
0.542818
0.542874
0.542846
0.542857
0.542897
0.542933
0.542953
0.542949
0.542991
0.542995
0.542944
0.542913
0.542909
0.542985
0.542976
0.543008
0.542945
0.542993
0.542954
0.542949
0.542964
0.542967
0.542954
0.542886
0.542869
0.542866
0.542939
0.542919
0.542871
0.542874
0.542894
0.542909
0.54291
0.542953
0.542897
0.542868
0.542939
0.542928
0.542939
0.542904
0.542873
0.542877
0.542847
0.542792
0.542708
0.542738
0.542762
0.542779
0.542729
0.542756
0.542786
0.54279
0.54285
0.542825
0.542871
0.542862
0.542859
0.542815
0.542808
0.542852
0.54279
0.542811
0.542789
0.542744
0.542716
0.54279
0.542769
0.542776
0.542778
0.542764
0.542824
0.542858
0.5429
0.542886
0.542934
0.542859
0.542849
0.542809
0.542853
0.542827
0.542867
0.542832
0.542817
0.54279
0.542828
0.542805
0.542838
0.542845
0.542866
0.542926
0.542935
0.54294
0.542946
0.542979
0.542936
0.542939
0.542893
0.542851
0.54279
0.542815
0.54277
0.542708
0.542668
0.542681
0.542694
0.542647
0.542653
0.542598
0.542629
0.542602
0.542541
0.542508
0.542418
0.542359
0.542327
0.542384
0.542401
0.542407
0.542372
0.542467
0.542467
0.542445
0.542444
0.54242
0.542424
0.542452
0.542419
0.54243
0.542434
0.542396
0.542402
0.542442
0.542444
0.542477
0.542485
0.542459
0.542414
0.542409
0.542442
0.54248
0.542459
0.542467
0.542418
0.542417
0.542331
0.542328
0.542322
0.542265
0.542254
0.542247
0.542236
0.542191
0.542155
0.542132
0.542056
0.542071
0.54198
0.541991
0.541982
0.542008
0.542017
0.542071
0.542094
0.542026
0.542071
0.542045
0.542023
0.542013
0.542014
0.54201
0.542025
0.542051
0.542094
0.542081
0.542056
0.542058
0.542074
0.542136
0.542114
0.542096
0.54209
0.542136
0.542139
0.542159
0.54214
0.542205
0.54218
0.542178
0.542154
0.542195
0.542184
0.5422
0.542149
0.542133
0.542102
0.542094
0.542049
0.542042
0.542044
0.54204
0.542085
0.542107
0.542104
0.542098
0.542115
0.542145
0.542104
0.542122
0.542157
0.542161
0.542129
0.542135
0.542064
0.542019
0.542084
0.542121
0.542204
0.542231
0.542213
0.542169
0.542188
0.542243
0.542227
0.542275
0.54231
0.542279
0.542313
0.542368
0.542424
0.542424
0.542402
0.542369
0.542258
0.542278
0.542286
0.542266
0.542271
0.542253
0.542266
0.542222
0.542222
0.542305
0.542305
0.542281
0.542279
0.542333
0.542364
0.542378
0.542333
0.542307
0.542348
0.542363
0.542402
0.542473
0.542491
0.54252
0.542543
0.542508
0.542503
0.542467
0.542484
0.542432
0.542404
0.542323
0.542287
0.542322
0.542282
0.542303
0.542268
0.54231
0.542304
0.542328
0.542327
0.542278
0.542333
0.542361
0.542374
0.542403
0.542422
0.542382
0.542421
0.542445
0.542377
0.542332
0.542317
0.54234
0.542319
0.542288
0.542337
0.542301
0.542292
0.542228
0.542217
0.542181
0.542178
0.542181
0.542157
0.542203
0.542201
0.542194
0.542211
0.542222
0.542194
0.542172
0.542171
0.542219
0.542232
0.542238
0.542278
0.542246
0.542325
0.542332
0.542323
0.542386
0.542407
0.542413
0.542338
0.542305
0.542342
0.542328
0.542388
0.542349
0.542305
0.542375
0.542387
0.542373
0.542391
0.542374
0.542421
0.542429
0.542404
0.542415
0.542401
0.542452
0.542555
0.542525
0.542557
0.542544
0.542578
0.542611
0.542601
0.542626
0.542603
0.542609
0.542665
0.542707
0.542749
0.542761
0.542709
0.542708
0.542697
0.54275
0.542722
0.542686
0.542732
0.542703
0.54272
0.542656
0.542666
0.542696
0.54275
0.542725
0.54272
0.542729
0.542671
0.542695
0.542677
0.542649
0.542629
0.542662
0.542628
0.542651
0.542621
0.542605
0.542585
0.542653
0.542634
0.542582
0.542556
0.542551
0.542468
0.542463
0.542453
0.542466
0.542442
0.542469
0.542464
0.542486
0.542522
0.542521
0.542561
0.542549
0.542546
0.542549
0.542595
0.542587
0.542596
0.54262
0.542589
0.542633
0.542709
0.542766
0.542749
0.54274
0.542704
0.542707
0.5427
0.542685
0.542654
0.542621
0.542587
0.542568
0.542541
0.542555
0.542549
0.542508
0.542489
0.542456
0.542507
0.542517
0.542554
0.542532
0.542561
0.542565
0.542555
0.542578
0.542567
0.542579
0.542605
0.542614
0.542601
0.542603
0.542646
0.542629
0.542647
0.54265
0.542639
0.542656
0.542691
0.542718
0.542726
0.542744
0.542744
0.542777
0.542823
0.542837
0.542812
0.542834
0.542875
0.542911
0.542873
0.542865
0.54287
0.542859
0.542838
0.542879
0.542915
0.54295
0.542926
0.542946
0.542902
0.542911
0.542906
0.542885
0.542907
0.542936
0.542912
0.542949
0.542905
0.542919
0.542963
0.542961
0.542946
0.542976
0.542969
0.542977
0.542947
0.542975
0.542996
0.543005
0.542957
0.542931
0.542918
0.542868
0.542838
0.54286
0.54287
0.542872
0.542893
0.542934
0.542964
0.54292
0.542946
0.542961
0.542933
0.542978
0.542962
0.542981
0.542975
0.54296
0.542994
0.542976
0.542978
0.543007
0.543005
0.542986
0.542959
0.542913
0.542833
0.542816
0.542778
0.542782
0.542763
0.542775
0.542788
0.542808
0.542788
0.542767
0.542798
0.54284
0.542835
0.54282
0.542796
0.542814
0.542815
0.542758
0.542768
0.542726
0.542715
0.542777
0.542775
0.542784
0.542775
0.542751
0.542761
0.542777
0.542766
0.542723
0.542752
0.542774
0.542776
0.542779
0.542832
0.542815
0.542865
0.542848
0.542854
0.542851
0.542847
0.542875
0.542912
0.542909
0.542914
0.542931
0.542909
0.542905
0.542876
0.542849
0.542856
0.542868
0.542885
0.542906
0.54292
0.542931
0.542956
0.542939
0.542946
0.542977
0.543016
0.542971
0.543009
0.543002
0.542989
0.543009
0.542992
0.542984
0.543024
0.542995
0.543024
0.54302
0.543004
0.543024
0.543012
0.543039
0.543041
0.543081
0.543098
0.543063
0.543068
0.543071
0.543095
0.543089
0.543091
0.5431
0.543175
0.543172
0.543141
0.543126
0.543129
0.543122
0.54317
0.543178
0.543233
0.543237
0.543251
0.543245
0.543313
0.543385
0.543364
0.543395
0.54341
0.543441
0.543424
0.543384
0.543419
0.543409
0.543444
0.543419
0.54344
0.543468
0.543453
0.543463
0.543476
0.543412
0.543436
0.543447
0.54346
0.543498
0.543446
0.543483
0.543425
0.543389
0.543355
0.543333
0.543378
0.543364
0.543368
0.543374
0.543372
0.543366
0.543325
0.543303
0.543318
0.543324
0.543314
0.543297
0.543295
0.543262
0.543266
0.543239
0.543273
0.543254
0.543251
0.543251
0.543283
0.543291
0.543313
0.543331
0.543337
0.543337
0.543378
0.543438
0.543463
0.54346
0.543484
0.543473
0.543519
0.543527
0.543579
0.543601
0.54364
0.543621
0.543638
0.543597
0.543561
0.543531
0.543561
0.543604
0.5436
0.543571
0.543562
0.543534
0.543559
0.54356
0.543578
0.543594
0.543587
0.543573
0.543507
0.543516
0.543467
0.543495
0.543484
0.543452
0.543464
0.543464
0.543451
0.543488
0.543538
0.543547
0.543561
0.543543
0.543539
0.54359
0.543612
0.543589
0.543544
0.543533
0.543542
0.543496
0.543507
0.543508
0.543486
0.543462
0.543421
0.543436
0.543448
0.543397
0.543387
0.543351
0.543361
0.543385
0.543373
0.54336
0.543331
0.543337
0.543322
0.543336
0.543364
0.543357
0.543403
0.54336
0.543354
0.54335
0.543352
0.543352
0.54337
0.543321
0.543329
0.543281
0.543284
0.543302
0.54325
0.543229
0.543229
0.543235
0.543237
0.54322
0.543213
0.543218
0.543193
0.543209
0.543219
0.543227
0.543251
0.54321
0.543216
0.543219
0.543229
0.543223
0.543231
0.543233
0.54325
0.543243
0.543244
0.543256
0.543257
0.543168
0.543204
0.543265
0.543291
0.54328
0.543275
0.543243
0.54323
0.543225
0.543215
0.54318
0.54317
0.543166
0.543149
0.543151
0.543121
0.543068
0.543063
0.543032
0.543076
0.543038
0.543013
0.542981
0.542979
0.542997
0.542981
0.542977
0.542984
0.542967
0.542981
0.542982
0.542946
0.542906
0.542889
0.542885
0.542887
0.542895
0.542908
0.542933
0.542953
0.542929
0.542932
0.542917
0.542896
0.542907
0.542912
0.542962
0.542984
0.542937
0.542922
0.542887
0.542876
0.542846
0.542831
0.542826
0.542806
0.542811
0.542795
0.542784
0.542814
0.542767
0.542751
0.54274
0.542774
0.542772
0.542798
0.542781
0.54278
0.542787
0.542777
0.54278
0.542786
0.542758
0.542782
0.542814
0.542788
0.542796
0.542784
0.542772
0.542735
0.542693
0.542691
0.542727
0.542697
0.542685
0.542671
0.542673
0.54268
0.542694
0.542716
0.542718
0.542723
0.542716
0.542752
0.542756
0.542784
0.542786
0.542822
0.542811
0.542783
0.542765
0.542802
0.542807
0.542828
0.54282
0.542807
0.542827
0.542815
0.542797
0.542802
0.542834
0.542856
0.542833
0.542807
0.542834
0.542811
0.542821
0.542844
0.542798
0.542804
0.542791
0.542777
0.542751
0.542747
0.542749
0.542746
0.542766
0.542774
0.542801
0.542767
0.542781
0.542786
0.542803
0.54281
0.542841
0.542841
0.542855
0.542862
0.542839
0.542865
0.542856
0.54284
0.542844
0.542834
0.542847
0.542887
0.542894
0.542904
0.542893
0.542864
0.542828
0.542871
0.542878
0.542873
0.542896
0.542886
0.542908
0.54294
0.54298
0.543006
0.543008
0.542986
0.542989
0.542964
0.542925
0.542955
0.54294
0.542915
0.542953
0.542963
0.542963
0.542969
0.542988
0.543019
0.543006
0.543019
0.543038
0.543072
0.543057
0.543033
0.543031
0.543062
0.543024
0.543036
0.543057
0.543093
0.543117
0.543143
0.543135
0.543156
0.54317
0.543171
0.543176
0.54319
0.5432
0.543202
0.543176
0.543173
0.543211
0.543204
0.543217
0.543199
0.54321
0.54323
0.543227
