0.795455
0.792986
0.799397
0.80068
0.805882
0.809203
0.81234
0.811083
0.809095
0.80946
0.796913
0.781865
0.775626
0.767471
0.760486
0.75606
0.751053
0.747148
0.742817
0.7379
0.728817
0.720664
0.712201
0.704978
0.698842
0.694376
0.68894
0.682821
0.677619
0.673392
0.66631
0.660268
0.653632
0.648102
0.641951
0.637368
0.631359
0.626456
0.622049
0.617941
0.613063
0.607834
0.603635
0.600131
0.595586
0.591651
0.588449
0.584658
0.58084
0.576921
0.57271
0.568299
0.5659
0.562213
0.558734
0.55488
0.552223
0.549149
0.546489
0.544132
0.54111
0.538944
0.536482
0.534201
0.532321
0.530483
0.528855
0.526868
0.525124
0.523496
0.522318
0.521518
0.521138
0.519498
0.518492
0.517256
0.516751
0.515616
0.514591
0.513822
0.513664
0.513634
0.51378
0.514165
0.514058
0.513874
0.513714
0.51362
0.514159
0.513906
0.515045
0.516337
0.517905
0.519037
0.519801
0.520537
0.521374
0.522891
0.523889
0.524899
0.525481
0.526354
0.527108
0.527682
0.528547
0.529155
0.529941
0.530664
0.53132
0.532361
0.532889
0.533391
0.533951
0.53495
0.535602
0.536274
0.53695
0.537086
0.537994
0.538974
0.539658
0.540757
0.541273
0.541813
0.542366
0.542971
0.54369
0.544075
0.544594
0.544908
0.545582
0.545931
0.546645
0.547151
0.547546
0.547997
0.548736
0.549534
0.549973
0.550574
0.551025
0.551705
0.552359
0.55289
0.553342
0.554165
0.554696
0.55512
0.555627
0.556057
0.556789
0.557193
0.557645
0.557724
0.558111
0.558631
0.558923
0.559069
0.559706
0.560229
0.56084
0.561085
0.561683
0.562087
0.56237
0.562545
0.562818
0.563398
0.563585
0.563816
0.564017
0.564256
0.564513
0.564728
0.564672
0.564884
0.565362
0.565457
0.56579
0.566067
0.566563
0.566824
0.567158
0.567462
0.56776
0.568151
0.568455
0.568786
0.569027
0.569303
0.56949
0.569919
0.570188
0.570445
0.570803
0.570951
0.57126
0.57136
0.571566
0.571753
0.572144
0.57238
0.572683
0.572912
0.573185
0.573399
0.573662
0.573941
0.574136
0.574466
0.574743
0.574906
0.575147
0.575506
0.575559
0.575537
0.575716
0.576028
0.576511
0.576765
0.576907
0.577179
0.577388
0.577809
0.577826
0.578206
0.578308
0.578659
0.579034
0.579089
0.579334
0.579494
0.579826
0.580147
0.580341
0.580559
0.580706
0.580974
0.581107
0.581334
0.581556
0.581849
0.581979
0.582016
0.582337
0.582499
0.58266
0.582936
0.583177
0.583449
0.583621
0.58399
0.584052
0.584152
0.584286
0.58432
0.58441
0.58463
0.584669
0.584715
0.584785
0.584838
0.584921
0.585032
0.585368
0.585598
0.58589
0.585976
0.586153
0.586206
0.58633
0.586378
0.586628
0.586817
0.587057
0.587114
0.587221
0.587229
0.587378
0.587504
0.587609
0.587669
0.58786
0.588108
0.588317
0.588519
0.588582
0.5887
0.588822
0.588977
0.589195
0.589298
0.589474
0.589594
0.589665
0.589701
0.589983
0.590237
0.590335
0.590625
0.590738
0.590925
0.591038
0.591136
0.591307
0.591335
0.591441
0.591656
0.591775
0.591773
0.591922
0.591996
0.592018
0.592295
0.592429
0.592502
0.592594
0.592713
0.592898
0.592968
0.592928
0.593122
0.593157
0.593331
0.59341
0.593298
0.593404
0.593407
0.593506
0.593605
0.593752
0.593866
0.594028
0.594063
0.594178
0.59429
0.594348
0.5945
0.594612
0.594625
0.594783
0.59495
0.594928
0.595001
0.595226
0.595259
0.595319
0.5954
0.595579
0.595665
0.595738
0.59585
0.595861
0.596054
0.596208
0.596278
0.596296
0.596315
0.596427
0.596471
0.596502
0.596567
0.596743
0.596827
0.596892
0.596836
0.596934
0.597063
0.597055
0.597144
0.597202
0.597253
0.597283
0.597368
0.597453
0.597592
0.59764
0.597693
0.597623
0.59777
0.597804
0.598011
0.598093
0.598179
0.598284
0.59837
0.598491
0.598547
0.598522
0.598703
0.598679
0.598784
0.598874
0.598942
0.599057
0.599033
0.599078
0.599117
0.599206
0.599188
0.599283
0.599453
0.599481
0.59955
0.599621
0.599792
0.599868
0.599894
0.600005
0.600053
0.600077
0.600068
0.600071
0.600064
0.600173
0.600182
0.600235
0.600149
0.600205
0.600278
0.60036
0.600406
0.600517
0.600574
0.600609
0.60068
0.600702
0.600737
0.600707
0.600754
0.600737
0.600766
0.6008
0.60083
0.600916
0.600983
0.601182
0.6013
0.601442
0.601521
0.601515
0.601593
0.601627
0.601737
0.601742
0.601755
0.601791
0.601886
0.601953
0.602079
0.60212
0.602183
0.602287
0.602306
0.602358
0.60242
0.602508
0.602554
0.602572
0.602483
0.602504
0.602652
0.602683
0.602716
0.602779
0.602914
0.60296
0.602998
0.603136
0.603216
0.603269
0.60333
0.60346
0.603512
0.603565
0.603624
0.603709
0.60377
0.603774
0.603857
0.603946
0.604028
0.604066
0.604051
0.60414
0.604202
0.604222
0.604278
0.604426
0.604373
0.604447
0.604526
0.604462
0.604519
0.604575
0.604559
0.604629
0.60472
0.604772
0.604794
0.604856
0.604894
0.60493
0.604985
0.605037
0.605018
0.605091
0.605119
0.60518
0.605181
0.605245
0.605279
0.605353
0.605362
0.605422
0.605452
0.605532
0.60564
0.605641
0.605658
0.605768
0.605762
0.605832
0.605899
0.605901
0.605926
0.605928
0.60606
0.606128
0.6062
0.606221
0.606233
0.606346
0.606452
0.606484
0.606514
0.606489
0.606439
0.606518
0.606494
0.606565
0.606688
0.606807
0.606846
0.606915
0.606978
0.606958
0.60705
0.607125
0.607165
0.607231
0.60723
0.60731
0.607463
0.607543
0.607635
0.607649
0.607689
0.607795
0.607864
0.607991
0.608022
0.608051
0.608013
0.608079
0.608038
0.60802
0.608109
0.608133
0.608105
0.608131
0.60817
0.608146
0.608229
0.608314
0.608365
0.608387
0.608438
0.608522
0.608589
0.608606
0.608652
0.608746
0.608826
0.608848
0.608903
0.608966
0.608913
0.608885
0.608882
0.608913
0.609015
0.609113
0.60919
0.609242
0.609226
0.60922
0.60925
0.609275
0.60933
0.609399
0.609409
0.609399
0.60949
0.609505
0.609528
0.609535
0.609495
0.609574
0.609562
0.609635
0.609614
0.609617
0.609599
0.609527
0.609583
0.609633
0.609611
0.609614
0.609712
0.609821
0.609803
0.60979
0.609802
0.609847
0.609844
0.609876
0.60994
0.609963
0.609943
0.609911
0.609951
0.60992
0.609921
0.609951
0.610007
0.609989
0.610017
0.610006
0.61005
0.609989
0.610027
0.610035
0.610067
0.610004
0.609995
0.610039
0.610067
0.610074
0.610134
0.610118
0.610118
0.610108
0.610063
0.610086
0.610124
0.610083
0.610085
0.61007
0.61003
0.610065
0.610097
0.610167
0.610176
0.610234
0.610243
0.610269
0.610313
0.610351
0.610344
0.610413
0.610439
0.610482
0.610509
0.610543
0.610595
0.61067
0.610667
0.610716
0.610742
0.610811
0.610832
0.61083
0.610843
0.610926
0.610948
0.610948
0.610965
0.610972
0.610991
0.611074
0.611076
0.611112
0.611145
0.611177
0.611172
0.611177
0.611183
0.611193
0.611256
0.611256
0.611271
0.611353
0.61142
0.611456
0.611436
0.611484
0.611515
0.611598
0.611591
0.611572
0.611551
0.611559
0.61158
0.611592
0.611558
0.611579
0.61157
0.611584
0.611623
0.611624
0.611583
0.6116
0.611625
0.611671
0.611671
0.611674
0.611737
0.611744
0.611753
0.611757
0.611782
0.61181
0.611772
0.611751
0.611739
0.611839
0.611854
0.611878
0.611899
0.61193
0.611967
0.612005
0.612065
0.612084
0.612105
0.612091
0.612078
0.612054
0.612089
0.612139
0.612157
0.612167
0.612133
0.612155
0.612125
0.612193
0.612185
0.612147
0.612146
0.612147
0.612157
0.612159
0.612124
0.612125
0.612167
0.612214
0.612197
0.612254
0.612267
0.612317
0.612315
0.612332
0.612334
0.612346
0.612353
0.612375
0.612413
0.612446
0.61244
0.612465
0.612496
0.612538
0.612574
0.612573
0.612597
0.612645
0.612674
0.612588
0.61257
0.61253
0.612536
0.612574
0.612537
0.612565
0.61263
0.612655
0.612624
0.612619
0.612601
0.612594
0.612612
0.612594
0.612622
0.612672
0.612701
0.612746
0.612811
0.612807
0.612778
0.61281
0.612817
0.612848
0.612831
0.612854
0.612827
0.612864
0.612908
0.612932
0.612906
0.612942
0.61297
0.613027
0.613032
0.613068
0.613096
0.613142
0.613184
0.613187
0.613168
0.613197
0.613224
0.613212
0.613249
0.613226
0.613245
0.613242
0.613214
0.613227
0.613254
0.613278
0.613305
0.613316
0.61332
0.613338
0.613282
0.613289
0.613301
0.613304
0.613342
0.613369
0.613429
0.613429
0.613427
0.613485
0.613472
0.613487
0.613502
0.613528
0.613579
0.613614
0.613644
0.613682
0.613688
0.613725
0.613753
0.613756
0.613797
0.613776
0.613764
0.613744
0.61374
0.61376
0.613757
0.613771
0.613798
0.613837
0.613868
0.61388
0.61384
0.613861
0.613888
0.613943
0.613958
0.613987
0.61401
0.614028
0.61408
0.614079
0.614069
0.614087
0.614084
0.614059
0.614072
0.614082
0.614068
0.614074
0.614029
0.61403
0.614014
0.614011
0.614054
0.61409
0.61412
0.614121
0.614149
0.614162
0.614172
0.614171
0.614189
0.614182
0.61422
0.614233
0.614233
0.6142
0.614226
0.614227
0.614271
0.614235
0.614262
0.614284
0.614323
0.61435
0.614374
0.614404
0.614421
0.614404
0.614439
0.614432
0.614431
0.614437
0.614482
0.614495
0.614567
0.614617
0.614618
0.614654
0.614646
0.614621
0.614632
0.614633
0.614631
0.614634
0.614652
0.614661
0.614705
0.61473
0.614718
0.614735
0.614732
0.614736
0.614715
0.614734
0.614707
0.614717
0.614724
0.614678
0.614674
0.614689
0.61471
0.614727
0.614739
0.614759
0.614748
0.614759
0.614762
0.614789
0.61483
0.614889
0.614877
0.614911
0.614931
0.614933
0.614928
0.614938
0.614976
0.61495
0.614971
0.614983
0.615016
0.61505
0.615066
0.615083
0.615125
0.615145
0.615123
0.615094
0.615137
0.615193
0.615219
0.615195
0.615218
0.615235
0.615235
0.615268
0.615286
0.615237
0.615246
0.615256
0.615308
0.615326
0.615323
0.615346
0.615411
0.615437
0.615437
0.615433
0.615481
0.615509
0.615469
0.615504
0.615551
0.615605
0.615644
0.615621
0.615647
0.615671
0.615711
0.6157
0.615732
0.615744
0.615727
0.615728
0.61577
0.615795
0.615788
0.615802
0.615777
0.615812
0.615844
0.61584
0.615865
0.615862
0.615858
0.615898
0.615883
0.615913
0.615906
0.615918
0.615961
0.615966
0.615974
0.615995
0.615998
0.616005
0.616021
0.616002
0.616029
0.61605
0.616075
0.616114
0.616133
0.616158
0.616151
0.616167
0.616168
0.61613
0.616159
0.616213
0.616259
0.616255
0.616302
0.61631
0.616303
0.616326
0.616361
0.616358
0.61639
0.616393
0.616392
0.616394
0.61642
0.616445
0.616468
0.616494
0.616509
0.61651
0.616549
0.616537
0.616545
0.616558
0.616588
0.616636
0.61665
0.616698
0.616738
0.61675
0.616768
0.616786
0.61678
0.616773
0.616748
0.616752
0.616766
0.616764
0.616779
0.616801
0.61682
0.61685
0.616812
0.616785
0.616812
0.616797
0.616805
0.616803
0.616819
0.61681
0.616788
0.61679
0.616799
0.616785
0.616824
0.616841
0.616849
0.616857
0.61683
0.616837
0.616878
0.616869
0.616874
0.616884
0.61689
0.616889
0.616897
0.616895
0.6169
0.616929
0.616927
0.616943
0.61694
0.616917
0.616932
0.616933
0.616942
0.616962
0.616955
0.616917
0.616916
0.616918
0.616908
0.616923
0.616906
0.616914
0.616944
0.616959
0.61694
0.616992
0.617002
0.617003
0.617031
0.617052
0.617081
0.617089
0.617094
0.617118
0.617133
0.617091
0.617114
0.617117
0.617119
0.617138
0.617112
0.617089
0.617087
0.617091
0.617096
0.617101
0.617112
0.617123
0.617126
0.617151
0.617181
0.617179
0.617161
0.617163
0.617153
0.617167
0.617126
0.617118
0.617115
0.617129
0.617162
0.617152
0.617155
0.617172
0.6172
0.617214
0.617224
0.617198
0.617183
0.617193
0.6172
0.617217
0.617245
0.617259
0.617263
0.617278
0.617304
0.6173
0.617293
0.617301
0.617302
0.617283
0.617312
0.617318
0.617337
0.617355
0.617361
0.617422
0.617442
0.617466
0.617449
0.617439
0.617472
0.617504
0.617467
0.617468
0.617469
0.617488
0.617475
0.617488
0.617493
0.617459
0.617454
0.617475
0.617486
0.617465
0.61745
0.617471
0.617471
0.617481
0.617535
0.617558
0.617552
0.617574
0.61762
0.617604
0.617651
0.617624
0.617623
0.617618
0.61764
0.617683
0.617667
0.617675
0.617708
0.617702
0.617692
0.617683
0.617692
0.617708
0.617735
0.617755
0.617739
0.617758
0.617779
0.617808
0.617832
0.617836
0.617829
0.617838
0.617869
0.617871
0.617873
0.617885
0.617897
0.617912
0.61791
0.617935
0.617964
0.617979
0.617968
0.617991
0.617969
0.617942
0.617932
0.617955
0.617951
0.617958
0.617989
0.617987
0.618028
0.618024
0.618024
0.618021
0.618036
0.618079
0.618091
0.618107
0.618111
0.61811
0.618099
0.618118
0.618125
0.618135
0.618148
0.618156
0.618191
0.618192
0.618219
0.618206
0.6182
0.618217
0.618261
0.618292
0.618301
0.61832
0.618352
0.618338
0.618358
0.618318
0.618347
0.618378
0.618361
0.618367
0.618347
0.618363
0.618378
0.618383
0.618395
0.618398
0.618407
0.618441
0.618479
0.618498
0.618547
0.618541
0.618578
0.6186
0.618632
0.618668
0.618651
0.618671
0.618677
0.618675
0.618709
0.618734
0.618732
0.618742
0.618731
0.61877
0.6188
0.618818
0.618827
0.618852
0.618885
0.618886
0.618933
0.618923
0.618898
0.618919
0.618946
0.61891
0.618924
0.618944
0.618965
0.618984
0.618994
0.619016
0.619022
0.619038
0.619048
0.619026
0.619034
0.619052
0.619033
0.619053
0.619034
0.619027
0.619057
0.619067
0.619093
0.619107
0.61908
0.619075
0.619112
0.619145
0.61917
0.619173
0.61921
0.619212
0.619268
0.619308
0.619319
0.619327
0.619381
0.61937
0.619371
0.619382
0.619382
0.61941
0.61942
0.619409
0.619415
0.619449
0.619467
0.619487
0.619471
0.619471
0.619496
0.619497
0.619494
0.619534
0.619562
0.619544
0.619568
0.619565
0.619576
0.619594
0.619583
0.619579
0.619599
0.61961
0.619635
0.619638
0.619638
0.619665
0.619682
0.619687
0.61966
0.619686
0.619683
0.619672
0.619653
0.619651
0.619652
0.619651
0.619659
0.61967
0.61967
0.619689
0.61968
0.61968
0.619698
0.619711
0.619717
0.619728
0.619777
0.619788
0.619788
0.619776
0.619777
0.619785
0.619824
0.619843
0.619849
0.619834
0.619844
0.619848
0.619865
0.619856
0.619848
0.619845
0.619832
0.619826
0.619846
0.619854
0.619884
0.619879
0.619904
0.619905
0.619909
0.61991
0.619919
0.619905
0.619898
0.619881
0.619889
0.619885
0.619872
0.619874
0.619873
0.619869
0.619901
0.619906
0.619918
0.619908
0.619914
0.619959
0.619957
0.619942
0.619947
0.619961
0.619956
0.619948
0.61997
0.619991
0.62
0.619976
0.619972
0.619981
0.619969
0.619964
0.619979
0.61999
0.620021
0.620015
0.619986
0.620018
0.620011
0.619983
0.619977
0.619974
0.619996
0.620015
0.620014
0.620021
0.620015
0.620012
0.620032
0.620028
0.620044
0.620058
0.620077
0.620054
0.620057
0.620073
0.620062
0.620097
0.620089
0.6201
0.620103
0.620113
0.620119
0.620126
0.620142
0.620152
0.620162
0.620147
0.620155
0.620169
0.620159
0.620166
0.620189
0.620178
0.620169
0.620187
0.620169
0.620138
0.620141
0.620132
0.620152
0.620122
0.620099
0.620123
0.620127
0.620151
0.620157
0.620165
0.620162
0.620129
0.620107
0.620105
0.620121
0.620132
0.620136
0.62015
0.620146
0.620144
0.620177
0.620192
0.620181
0.620212
0.620216
0.62022
0.620198
0.620207
0.620206
0.620204
0.620196
0.62017
0.62016
0.620171
0.62017
0.620168
0.620169
0.620137
0.620126
0.620121
0.620141
0.620143
0.620142
0.620139
0.620129
0.62012
0.620143
0.620157
0.620165
0.620175
0.620183
0.620164
0.620161
0.620161
0.620173
0.620182
0.620183
0.620211
0.620215
0.620234
0.620259
0.620247
0.620247
0.620279
0.620295
0.620303
0.620312
0.620324
0.620335
0.620333
0.620338
0.620333
0.620321
0.620331
0.620352
0.620352
0.620368
0.620356
0.620375
0.62039
0.620385
0.620402
0.62042
0.6204
0.62039
0.620382
0.620362
0.620374
0.620361
0.620357
0.620336
0.620339
0.620358
0.620359
0.620359
0.620367
0.62038
0.620393
0.620409
0.620435
0.620424
0.620442
0.620428
0.620428
0.620437
0.620461
0.62047
0.620464
0.620463
0.620471
0.620508
0.620541
0.62056
0.620557
0.620564
0.620565
0.620558
0.620575
0.620601
0.620631
0.62064
0.620653
0.620667
0.620697
0.620693
0.620704
0.620706
0.620707
0.62069
0.620682
0.620696
0.620696
0.620707
0.620703
0.620702
0.620741
0.620746
0.620744
0.620731
0.620744
0.620756
0.620767
0.620769
0.620763
0.620758
0.620774
0.620774
0.62076
0.620781
0.620779
0.620791
0.620782
0.620776
0.62078
0.620798
0.620768
0.620797
0.6208
0.620782
0.6208
0.620814
0.620823
0.620823
0.620817
0.620805
0.620804
0.620818
0.620807
0.620799
0.620809
0.620797
0.620817
0.620816
0.620801
0.620789
0.620802
0.620813
0.620804
0.620797
0.620778
0.620806
0.6208
0.620807
0.620793
0.620798
0.620798
0.620786
0.620797
0.620813
0.620826
0.620822
0.620813
0.620811
0.620801
0.620816
0.620836
0.620834
0.620853
0.620853
0.620852
0.620843
0.620838
0.620836
0.620838
0.620851
0.620844
0.62083
0.620818
0.620832
0.62082
0.620838
0.620862
0.62086
0.620865
0.620894
0.6209
0.620917
0.62091
0.620911
0.620911
0.620893
0.620897
0.620908
0.620902
0.620921
0.620899
0.620903
0.620889
0.6209
0.620908
0.620904
0.620895
0.620887
0.620875
0.620881
0.620878
0.620883
0.620872
0.620855
0.620854
0.620857
0.620849
0.620845
0.620843
0.620831
0.620835
0.620821
0.620829
0.620809
0.620814
0.62084
0.620833
0.620841
0.620826
0.620824
0.620806
0.620835
0.620833
0.620833
0.620824
0.62082
0.620836
0.620818
0.62084
0.620871
0.620896
0.620897
0.620899
0.6209
0.62091
0.620892
0.62088
0.620869
0.620871
0.62088
0.620881
0.620897
0.620897
0.620916
0.620936
0.620941
0.620926
0.620944
0.620954
0.62094
0.620937
0.62092
0.620919
0.620922
0.620943
0.620932
0.620928
0.620917
0.620911
0.620888
0.620889
0.620903
0.620916
0.620911
0.620916
0.620915
0.620932
0.620931
0.620947
0.620956
0.620943
0.620949
0.62096
0.62098
0.620983
0.620986
0.621007
0.621013
0.621001
0.620993
0.620999
0.620989
0.620991
0.620993
0.620979
0.620968
0.620968
0.620968
0.620968
0.620979
0.620967
0.620981
0.620987
0.620999
0.621003
0.621006
0.621029
0.621058
0.621031
0.621038
0.621042
0.621068
0.621059
0.621054
0.621063
0.621064
0.621078
0.621071
0.621065
0.621075
0.621103
0.6211
0.621116
0.621119
0.621143
0.621149
0.621158
0.621185
0.621181
0.621181
0.621187
0.62118
0.621172
0.621187
0.621156
0.621172
0.621184
0.621178
0.621181
0.621188
0.621189
0.621193
0.621196
0.621199
0.621203
0.6212
0.6212
0.62119
0.621216
0.621219
0.621217
0.621205
0.621189
0.621197
0.621214
0.621205
0.621218
0.621221
0.621228
0.621208
0.621228
0.621222
0.621221
0.621246
0.621261
0.621237
0.62125
0.621245
0.621258
0.621267
0.6213
0.621314
0.621321
0.621318
0.62133
0.621333
0.62133
0.621354
0.621342
0.621346
0.621339
0.621362
0.62137
0.621383
0.621385
0.621397
0.621394
0.621371
0.621389
0.6214
0.621407
0.621414
0.62143
0.621437
0.621433
0.621425
0.621411
0.621407
0.6214
0.621401
0.621407
