-7.571997489293805 -12.827421372749697
-7.5633467378224815 -12.801469118335726
-7.554695986351158 -12.775516863921755
-7.546045234879834 -12.749564609507782
-7.5373944834085105 -12.723612355093813
-7.528743731937187 -12.697660100679842
-7.520092980465863 -12.671707846265871
-7.5114422289945395 -12.6457555918519
-7.502791477523216 -12.619803337437927
-7.494140726051892 -12.593851083023958
-7.4854899745805685 -12.567898828609987
-7.476839223109245 -12.541946574196015
-7.468188471637921 -12.515994319782044
-7.4595377201665976 -12.490042065368074
-7.450886968695274 -12.464089810954103
-7.44223621722395 -12.438137556540132
-7.433585465752627 -12.412185302126161
-7.424934714281303 -12.38623304771219
-7.416283962809979 -12.36028079329822
-7.407633211338656 -12.334328538884247
-7.398982459867332 -12.308376284470278
-7.390331708396008 -12.282424030056307
-7.381680956924685 -12.256471775642336
-7.373030205453361 -12.230519521228365
-7.364379453982037 -12.204567266814394
-7.355728702510714 -12.178615012400423
-7.34707795103939 -12.15266275798645
-7.338427199568066 -12.126710503572479
-7.329776448096743 -12.10075824915851
-7.321125696625419 -12.074805994744539
-7.312474945154095 -12.048853740330568
-7.303824193682772 -12.022901485916597
-7.295173442211448 -11.996949231502626
-7.286522690740124 -11.970996977088655
-7.277871939268801 -11.945044722674684
-7.269221187797478 -11.919092468260715
-7.260570436326154 -11.893140213846744
-7.251919684854831 -11.867187959432773
-7.243268933383507 -11.841235705018802
-7.234618181912183 -11.81528345060483
-7.22596743044086 -11.78933119619086
-7.217316678969536 -11.763378941776889
-7.208665927498212 -11.737426687362918
-7.200015176026889 -11.711474432948947
-7.191364424555565 -11.685522178534976
-7.182713673084241 -11.659569924121005
-7.174062921612918 -11.633617669707034
-7.165412170141594 -11.607665415293063
-7.15676141867027 -11.581713160879092
-7.148110667198947 -11.555760906465121
-7.139459915727623 -11.52980865205115
-7.130809164256299 -11.503856397637179
-7.122158412784976 -11.477904143223208
-7.113507661313652 -11.451951888809237
-7.104856909842328 -11.425999634395266
-7.096206158371005 -11.400047379981295
-7.087555406899681 -11.374095125567324
-7.0789046554283575 -11.348142871153353
-7.070253903957034 -11.322190616739382
-7.06160315248571 -11.296238362325411
-7.0529524010143865 -11.27028610791144
-7.044301649543063 -11.24433385349747
-7.035650898071739 -11.218381599083498
-7.0270001466004155 -11.192429344669527
-7.018349395129092 -11.166477090255556
-7.009698643657768 -11.140524835841585
-7.0010478921864445 -11.114572581427614
-6.992397140715121 -11.088620327013643
-6.983746389243797 -11.062668072599672
-6.9750956377724735 -11.036715818185701
-6.96644488630115 -11.01076356377173
-6.957794134829826 -10.98481130935776
-6.949143383358503 -10.958859054943789
-6.940492631887179 -10.932906800529818
-6.931841880415855 -10.906954546115847
-6.923191128944532 -10.881002291701876
-6.914540377473208 -10.855050037287905
-6.905889626001884 -10.829097782873934
-6.897238874530561 -10.803145528459963
-6.888588123059237 -10.777193274045992
-6.879937371587913 -10.75124101963202
-6.87128662011659 -10.72528876521805
-6.862635868645266 -10.699336510804079
-6.853985117173942 -10.673384256390108
-6.845334365702619 -10.647432001976137
-6.836683614231295 -10.621479747562166
-6.828032862759971 -10.595527493148195
-6.819382111288648 -10.569575238734224
-6.810731359817324 -10.543622984320253
-6.802080608346 -10.517670729906282
-6.793429856874677 -10.491718475492311
-6.784779105403353 -10.46576622107834
-6.77612835393203 -10.439813966664373
-6.767477602460707 -10.4138617122504
-6.758826850989383 -10.38790945783643
-6.750176099518059 -10.36195720342246
-6.741525348046736 -10.336004949008489
-6.732874596575412 -10.310052694594516
-6.724223845104088 -10.284100440180547
-6.715573093632765 -10.258148185766576
-6.706922342161441 -10.232195931352605
-6.698271590690117 -10.206243676938634
-6.689620839218794 -10.180291422524663
-6.68097008774747 -10.154339168110692
-6.672319336276146 -10.12838691369672
-6.663668584804823 -10.102434659282748
-6.655017833333499 -10.076482404868777
-6.646367081862175 -10.050530150454806
-6.637716330390852 -10.024577896040837
-6.629065578919528 -9.998625641626864
-6.620414827448204 -9.972673387212895
-6.611764075976881 -9.946721132798924
-6.603113324505557 -9.920768878384953
-6.594462573034233 -9.89481662397098
-6.58581182156291 -9.868864369557011
-6.577161070091586 -9.842912115143038
-6.5685103186202625 -9.81695986072907
-6.559859567148939 -9.791007606315098
-6.551208815677615 -9.765055351901127
-6.5425580642062915 -9.739103097487156
-6.533907312734968 -9.713150843073183
-6.525256561263644 -9.687198588659214
-6.5166058097923205 -9.661246334245243
-6.507955058320997 -9.635294079831272
-6.499304306849673 -9.609341825417301
-6.4906535553783495 -9.58338957100333
-6.482002803907026 -9.55743731658936
-6.473352052435702 -9.531485062175388
-6.464701300964379 -9.505532807761416
-6.456050549493055 -9.479580553347445
-6.447399798021731 -9.453628298933474
-6.438749046550408 -9.427676044519504
-6.430098295079084 -9.401723790105532
-6.42144754360776 -9.375771535691563
-6.412796792136437 -9.34981928127759
-6.404146040665113 -9.323867026863619
-6.395495289193789 -9.29791477244965
-6.386844537722466 -9.271962518035679
-6.378193786251142 -9.246010263621708
-6.369543034779818 -9.220058009207735
-6.360892283308495 -9.194105754793766
-6.352241531837171 -9.168153500379795
-6.343590780365847 -9.142201245965824
-6.334940028894524 -9.116248991551853
-6.3262892774232 -9.090296737137882
-6.317638525951876 -9.06434448272391
-6.308987774480553 -9.03839222830994
-6.300337023009229 -9.012439973895967
-6.291686271537905 -8.986487719481998
-6.283035520066582 -8.960535465068025
-6.274384768595258 -8.934583210654054
-6.265734017123934 -8.908630956240085
-6.257083265652611 -8.882678701826114
-6.248432514181287 -8.856726447412141
-6.239781762709963 -8.830774192998172
-6.23113101123864 -8.804821938584201
-6.222480259767316 -8.77886968417023
-6.2138295082959925 -8.752917429756259
-6.205178756824669 -8.726965175342288
-6.196528005353345 -8.701012920928317
-6.1878772538820215 -8.675060666514344
-6.179226502410698 -8.649108412100373
-6.170575750939374 -8.623156157686404
-6.1619249994680505 -8.597203903272431
-6.153274247996727 -8.571251648858462
-6.144623496525403 -8.545299394444491
-6.1359727450540795 -8.51934714003052
-6.127321993582756 -8.49339488561655
-6.118671242111432 -8.467442631202578
-6.110020490640109 -8.44149037678861
-6.101369739168786 -8.415538122374638
-6.092718987697462 -8.389585867960667
-6.0840682362261385 -8.363633613546696
-6.075417484754815 -8.337681359132725
-6.066766733283491 -8.311729104718754
-6.0581159818121675 -8.285776850304783
-6.049465230340844 -8.259824595890812
-6.04081447886952 -8.233872341476841
-6.0321637273981965 -8.20792008706287
-6.023512975926873 -8.1819678326489
-6.014862224455549 -8.156015578234928
-6.0062114729842255 -8.130063323820957
-5.997560721512902 -8.104111069406986
-5.988909970041578 -8.078158814993015
-5.9802592185702546 -8.052206560579044
-5.971608467098931 -8.026254306165074
-5.962957715627607 -8.000302051751103
-5.954306964156284 -7.974349797337132
-5.94565621268496 -7.948397542923161
-5.937005461213636 -7.92244528850919
-5.928354709742313 -7.896493034095219
-5.919703958270989 -7.870540779681248
-5.911053206799665 -7.844588525267277
-5.902402455328342 -7.818636270853306
-5.893751703857018 -7.792684016439335
-5.885100952385694 -7.766731762025364
-5.876450200914371 -7.740779507611393
-5.867799449443047 -7.714827253197422
-5.859148697971723 -7.688874998783451
-5.8504979465004 -7.66292274436948
-5.841847195029076 -7.636970489955509
-5.833196443557752 -7.611018235541538
-5.824545692086429 -7.585065981127567
-5.815894940615105 -7.559113726713596
-5.807244189143781 -7.533161472299625
-5.798593437672458 -7.507209217885655
-5.789942686201134 -7.481256963471683
-5.78129193472981 -7.455304709057712
-5.772641183258487 -7.429352454643741
-5.763990431787163 -7.40340020022977
-5.755339680315839 -7.377447945815799
-5.746688928844516 -7.351495691401828
-5.738038177373192 -7.325543436987857
-5.7293874259018684 -7.299591182573886
-5.720736674430545 -7.273638928159915
-5.712085922959221 -7.247686673745944
-5.703435171487898 -7.221734419331976
-5.694784420016575 -7.195782164918005
-5.686133668545251 -7.169829910504034
-5.677482917073927 -7.143877656090063
-5.668832165602604 -7.117925401676092
-5.66018141413128 -7.091973147262121
-5.651530662659956 -7.06602089284815
-5.642879911188633 -7.040068638434179
-5.634229159717309 -7.014116384020208
-5.625578408245985 -6.988164129606237
-5.616927656774662 -6.962211875192266
-5.608276905303338 -6.936259620778295
-5.5996261538320145 -6.910307366364324
-5.590975402360691 -6.884355111950353
-5.582324650889367 -6.858402857536383
-5.5736738994180435 -6.832450603122411
-5.56502314794672 -6.80649834870844
-5.556372396475396 -6.780546094294469
-5.5477216450040725 -6.754593839880498
-5.539070893532749 -6.728641585466527
-5.530420142061425 -6.702689331052557
-5.5217693905901015 -6.676737076638585
-5.513118639118778 -6.650784822224614
-5.504467887647454 -6.6248325678106434
-5.4958171361761305 -6.5988803133966725
-5.487166384704807 -6.5729280589827015
-5.478515633233483 -6.5469758045687305
-5.46986488176216 -6.5210235501547595
-5.461214130290836 -6.495071295740789
-5.452563378819512 -6.469119041326818
-5.443912627348189 -6.443166786912847
-5.435261875876865 -6.417214532498876
-5.426611124405541 -6.391262278084905
-5.417960372934218 -6.365310023670934
-5.409309621462894 -6.339357769256964
-5.40065886999157 -6.313405514842992
-5.392008118520247 -6.287453260429021
-5.383357367048923 -6.26150100601505
-5.374706615577599 -6.235548751601079
-5.366055864106276 -6.209596497187108
-5.357405112634952 -6.183644242773137
-5.348754361163628 -6.157691988359166
-5.340103609692305 -6.131739733945195
-5.331452858220981 -6.105787479531224
-5.322802106749657 -6.079835225117253
-5.314151355278334 -6.053882970703282
-5.30550060380701 -6.027930716289311
-5.296849852335686 -6.00197846187534
-5.288199100864363 -5.976026207461369
-5.279548349393039 -5.950073953047398
-5.270897597921715 -5.924121698633427
-5.262246846450392 -5.898169444219456
-5.253596094979068 -5.872217189805485
-5.244945343507744 -5.846264935391514
-5.236294592036421 -5.820312680977543
-5.227643840565097 -5.794360426563572
-5.2189930890937735 -5.768408172149601
-5.21034233762245 -5.74245591773563
-5.201691586151126 -5.716503663321659
-5.1930408346798025 -5.690551408907688
-5.184390083208479 -5.664599154493717
-5.175739331737155 -5.638646900079746
-5.1670885802658315 -5.612694645665775
-5.158437828794508 -5.586742391251804
-5.149787077323184 -5.560790136837833
-5.1411363258518605 -5.534837882423862
-5.132485574380537 -5.5088856280098915
-5.123834822909213 -5.4829333735959205
-5.11518407143789 -5.4569811191819495
-5.106533319966566 -5.4310288647679785
-5.097882568495242 -5.4050766103540075
-5.089231817023919 -5.3791243559400375
-5.080581065552595 -5.353172101526066
-5.071930314081271 -5.327219847112095
-5.063279562609948 -5.301267592698124
-5.054628811138624 -5.2753153382841536
-5.0459780596673 -5.249363083870182
-5.037327308195977 -5.223410829456211
-5.028676556724653 -5.197458575042241
-5.020025805253329 -5.171506320628269
-5.011375053782006 -5.145554066214298
-5.002724302310682 -5.119601811800327
-4.994073550839358 -5.093649557386356
-4.985422799368035 -5.067697302972385
-4.976772047896711 -5.041745048558414
-4.968121296425387 -5.015792794144443
-4.959470544954064 -4.989840539730472
-4.95081979348274 -4.963888285316501
-4.942169042011417 -4.937936030902533
-4.933518290540094 -4.911983776488562
-4.92486753906877 -4.886031522074592
-4.916216787597446 -4.86007926766062
-4.907566036126123 -4.834127013246649
-4.898915284654799 -4.808174758832678
-4.890264533183475 -4.782222504418707
-4.881613781712152 -4.756270250004736
-4.872963030240828 -4.730317995590765
-4.864312278769504 -4.704365741176794
-4.855661527298181 -4.678413486762824
-4.847010775826857 -4.652461232348852
-4.838360024355533 -4.626508977934881
-4.82970927288421 -4.60055672352091
-4.821058521412886 -4.574604469106939
-4.812407769941562 -4.548652214692968
-4.803757018470239 -4.522699960278997
-4.795106266998915 -4.496747705865026
-4.786455515527591 -4.470795451451055
-4.777804764056268 -4.444843197037084
-4.769154012584944 -4.418890942623113
-4.76050326111362 -4.392938688209142
-4.751852509642297 -4.366986433795171
-4.743201758170973 -4.3410341793812
-4.7345510066996495 -4.315081924967229
-4.725900255228326 -4.289129670553258
-4.717249503757002 -4.263177416139287
-4.7085987522856785 -4.237225161725317
-4.699948000814355 -4.211272907311345
-4.691297249343031 -4.185320652897374
-4.6826464978717075 -4.159368398483404
-4.673995746400384 -4.133416144069432
-4.66534499492906 -4.107463889655461
-4.656694243457737 -4.081511635241493
-4.648043491986414 -4.055559380827523
-4.63939274051509 -4.029607126413551
-4.630741989043766 -4.00365487199958
-4.622091237572443 -3.9777026175856096
-4.613440486101119 -3.951750363171638
-4.6047897346297955 -3.925798108757667
-4.596138983158472 -3.8998458543436967
-4.587488231687148 -3.8738935999297253
-4.5788374802158245 -3.8479413455157547
-4.570186728744501 -3.8219890911017833
-4.561535977273177 -3.7960368366878128
-4.5528852258018535 -3.770084582273842
-4.54423447433053 -3.744132327859871
-4.535583722859206 -3.7181800734459
-4.5269329713878825 -3.692227819031929
-4.518282219916559 -3.6662755646179574
-4.509631468445235 -3.6403233102039865
-4.5009807169739116 -3.614371055790016
-4.492329965502588 -3.5884188013760445
-4.483679214031264 -3.562466546962074
-4.475028462559941 -3.5365142925481026
-4.466377711088617 -3.510562038134132
-4.457726959617293 -3.4846097837201606
-4.44907620814597 -3.45865752930619
-4.440425456674646 -3.432705274892219
-4.431774705203322 -3.406753020478248
-4.423123953731999 -3.3808007660642767
-4.414473202260675 -3.354848511650306
-4.405822450789351 -3.3288962572363348
-4.397171699318028 -3.302944002822364
-4.388520947846704 -3.276991748408393
-4.37987019637538 -3.251039493994422
-4.371219444904057 -3.2250872395804513
-4.362568693432733 -3.19913498516648
-4.353917941961409 -3.1731827307525093
-4.345267190490086 -3.147230476338538
-4.336616439018762 -3.1212782219245674
-4.327965687547438 -3.0953259675105964
-4.319314936076115 -3.0693737130966254
-4.310664184604791 -3.043421458682654
-4.302013433133467 -3.017469204268683
-4.293362681662144 -2.991516949854712
-4.28471193019082 -2.965564695440741
-4.276061178719496 -2.9396124410267706
-4.267410427248173 -2.913660186612799
-4.258759675776849 -2.8877079321988286
-4.2501089243055254 -2.8617556777848576
-4.241458172834202 -2.8358034233708866
-4.232807421362878 -2.8098511689569152
-4.2241566698915545 -2.7838989145429442
-4.215505918420231 -2.7579466601289737
-4.206855166948907 -2.7319944057150023
-4.1982044154775835 -2.7060421513010318
-4.18955366400626 -2.6800898968870603
-4.180902912534936 -2.6541376424730894
-4.1722521610636125 -2.6281853880591184
-4.163601409592289 -2.6022331336451474
-4.154950658120965 -2.576280879231177
-4.1462999066496415 -2.550328624817206
-4.137649155178318 -2.524376370403235
-4.128998403706994 -2.498424115989264
-4.120347652235671 -2.472471861575293
-4.111696900764347 -2.4465196071613216
-4.103046149293023 -2.420567352747351
-4.0943953978217 -2.3946150983333796
-4.085744646350376 -2.368662843919409
-4.077093894879052 -2.3427105895054376
-4.068443143407729 -2.3167583350914667
-4.059792391936405 -2.290806080677496
-4.051141640465081 -2.2648538262635247
-4.042490888993758 -2.2389015718495537
-4.033840137522434 -2.212949317435583
-4.02518938605111 -2.186997063021612
-4.016538634579787 -2.1610448086076413
-4.007887883108463 -2.13509255419367
-3.99923713163714 -2.1091402997797006
-3.990586380165816 -2.0831880453657297
-3.9819356286944925 -2.0572357909517582
-3.973284877223169 -2.0312835365377873
-3.964634125751845 -2.0053312821238163
-3.9559833742805215 -1.9793790277098455
-3.947332622809198 -1.9534267732958743
-3.938681871337874 -1.9274745188819036
-3.9300311198665505 -1.9015222644679328
-3.921380368395227 -1.8755700100539618
-3.912729616923903 -1.8496177556399904
-3.9040788654525795 -1.8236655012260194
-3.895428113981256 -1.7977132468120487
-3.886777362509932 -1.7717609923980777
-3.8781266110386086 -1.745808737984107
-3.869475859567285 -1.7198564835701355
-3.8608251080959612 -1.6939042291561646
-3.8521743566246376 -1.667951974742194
-3.843523605153314 -1.6419997203282226
-3.8348728536819907 -1.6160474659142532
-3.826222102210667 -1.590095211500282
-3.8175713507393434 -1.5641429570863112
-3.8089205992680197 -1.5381907026723405
-3.800269847796696 -1.5122384482583693
-3.7916190963253724 -1.4862861938443983
-3.7829683448540488 -1.4603339394304273
-3.774317593382725 -1.4343816850164561
-3.7656668419114014 -1.4084294306024852
-3.757016090440078 -1.3824771761885144
-3.748365338968754 -1.3565249217745434
-3.7397145874974305 -1.3305726673605724
-3.731063836026107 -1.3046204129466015
-3.722413084554783 -1.2786681585326305
-3.7137623330834595 -1.2527159041186597
-3.705111581612136 -1.2267636497046885
-3.696460830140812 -1.2008113952907176
-3.6878100786694885 -1.1748591408767468
-3.679159327198165 -1.1489068864627756
-3.670508575726841 -1.1229546320488046
-3.6618578242555175 -1.0970023776348337
-3.653207072784194 -1.0710501232208625
-3.64455632131287 -1.0450978688068915
-3.6359055698415466 -1.0191456143929205
-3.627254818370223 -0.9931933599789498
-3.6186040668988992 -0.9672411055649788
-3.6099533154275756 -0.9412888511510077
-3.601302563956252 -0.9153365967370368
-3.5926518124849283 -0.8893843423230657
-3.5840010610136046 -0.8634320879090949
-3.575350309542281 -0.8374798334951239
-3.5666995580709573 -0.8115275790811527
-3.5580488065996336 -0.7855753246671819
-3.54939805512831 -0.7596230702532109
-3.5407473036569863 -0.7336708158392402
-3.5320965521856627 -0.7077185614252689
-3.523445800714339 -0.6817663070112979
-3.5147950492430153 -0.6558140525973267
-3.5061442977716917 -0.6298617981833561
-3.497493546300368 -0.6039095437693851
-3.4888427948290444 -0.5779572893554141
-3.4801920433577207 -0.5520050349414432
-3.471541291886397 -0.5260527805274718
-3.4628905404150734 -0.5001005261135012
-3.4542397889437497 -0.4741482716995303
-3.445589037472426 -0.4481960172855593
-3.4369382860011024 -0.4222437628715882
-3.4282875345297787 -0.3962915084576175
-3.419636783058456 -0.3703392540436487
-3.4109860315871323 -0.34438699962967784
-3.4023352801158087 -0.31843474521570686
-3.393684528644485 -0.2924824908017362
-3.3850337771731613 -0.2665302363877652
-3.3763830257018377 -0.24057798197379446
-3.367732274230514 -0.21462572755982282
-3.3590815227591904 -0.18867347314585214
-3.3504307712878667 -0.1627212187318812
-3.341780019816543 -0.13676896431791016
-3.3331292683452194 -0.11081670990393913
-3.3244785168738957 -0.08486445548996793
-3.315827765402572 -0.05891220107599732
-3.3071770139312484 -0.032959946662025945
-3.2985262624599248 -0.007007692248055098
-3.289875510988601 0.01894456216591595
-3.2812247595172774 0.04489681657988683
-3.2725740080459538 0.07084907099385737
-3.26392325657463 0.09680132540782872
-3.255272505103306 0.1227535798218006
