# f [Hz]    h2 Omge_gw
2.000000e-05 7.709280e-08
2.010855e-05 7.303100e-08
2.021768e-05 6.918320e-08
2.032741e-05 6.553820e-08
2.043773e-05 6.208510e-08
2.054865e-05 5.881400e-08
2.066017e-05 5.571530e-08
2.077230e-05 5.277980e-08
2.088504e-05 4.999900e-08
2.099839e-05 4.736470e-08
2.111235e-05 4.486920e-08
2.122693e-05 4.250510e-08
2.134214e-05 4.026570e-08
2.145797e-05 3.814420e-08
2.157443e-05 3.613450e-08
2.169152e-05 3.425600e-08
2.180924e-05 3.254590e-08
2.192761e-05 3.097820e-08
2.204661e-05 2.954120e-08
2.216627e-05 2.822060e-08
2.228657e-05 2.698360e-08
2.240752e-05 2.584580e-08
2.252914e-05 2.477320e-08
2.265141e-05 2.378120e-08
2.277434e-05 2.282980e-08
2.289794e-05 2.196400e-08
2.302222e-05 2.113110e-08
2.314717e-05 2.033800e-08
2.327279e-05 1.961000e-08
2.339910e-05 1.890800e-08
2.352609e-05 1.823120e-08
2.365378e-05 1.760150e-08
2.378215e-05 1.700900e-08
2.391122e-05 1.643640e-08
2.404100e-05 1.588310e-08
2.417147e-05 1.534840e-08
2.430266e-05 1.486090e-08
2.443455e-05 1.439240e-08
2.456717e-05 1.393870e-08
2.470050e-05 1.349920e-08
2.483456e-05 1.307370e-08
2.496934e-05 1.266150e-08
2.510486e-05 1.227570e-08
2.524111e-05 1.191500e-08
2.537810e-05 1.156490e-08
2.551583e-05 1.122500e-08
2.565431e-05 1.089520e-08
2.579354e-05 1.057510e-08
2.593353e-05 1.026430e-08
2.607428e-05 9.962720e-09
2.621579e-05 9.669970e-09
2.635807e-05 9.392540e-09
2.650113e-05 9.136710e-09
2.664496e-05 8.887850e-09
2.678956e-05 8.645770e-09
2.693496e-05 8.410280e-09
2.708114e-05 8.181200e-09
2.722812e-05 7.958370e-09
2.737589e-05 7.741600e-09
2.752447e-05 7.530740e-09
2.767385e-05 7.325620e-09
2.782405e-05 7.126090e-09
2.797505e-05 6.931990e-09
2.812688e-05 6.743180e-09
2.827953e-05 6.559520e-09
2.843302e-05 6.384550e-09
2.858733e-05 6.224390e-09
2.874248e-05 6.068240e-09
2.889847e-05 5.916010e-09
2.905531e-05 5.767610e-09
2.921300e-05 5.622920e-09
2.937155e-05 5.481860e-09
2.953096e-05 5.344340e-09
2.969123e-05 5.210280e-09
2.985237e-05 5.079570e-09
3.001439e-05 4.952140e-09
3.017729e-05 4.827910e-09
3.034107e-05 4.706800e-09
3.050574e-05 4.588730e-09
3.067130e-05 4.473610e-09
3.083776e-05 4.361390e-09
3.100512e-05 4.251980e-09
3.117340e-05 4.145310e-09
3.134258e-05 4.041320e-09
3.151269e-05 3.939940e-09
3.168372e-05 3.841100e-09
3.185567e-05 3.744750e-09
3.202856e-05 3.650810e-09
3.220239e-05 3.559220e-09
3.237716e-05 3.476800e-09
3.255288e-05 3.397080e-09
3.272955e-05 3.319190e-09
3.290719e-05 3.243080e-09
3.308578e-05 3.168710e-09
3.326535e-05 3.096060e-09
3.344589e-05 3.025060e-09
3.362741e-05 2.955700e-09
3.380991e-05 2.887930e-09
3.399341e-05 2.821710e-09
3.417790e-05 2.757000e-09
3.436339e-05 2.693790e-09
3.454989e-05 2.632020e-09
3.473740e-05 2.571670e-09
3.492593e-05 2.512700e-09
3.511548e-05 2.455080e-09
3.530607e-05 2.398790e-09
3.549768e-05 2.343780e-09
3.569034e-05 2.290040e-09
3.588404e-05 2.237530e-09
3.607879e-05 2.186230e-09
3.627460e-05 2.136100e-09
3.647147e-05 2.087110e-09
3.666941e-05 2.039260e-09
3.686843e-05 1.992500e-09
3.706852e-05 1.946810e-09
3.726970e-05 1.902170e-09
3.747198e-05 1.858550e-09
3.767535e-05 1.815940e-09
3.787982e-05 1.774300e-09
3.808540e-05 1.733610e-09
3.829210e-05 1.693860e-09
3.849993e-05 1.655020e-09
3.870888e-05 1.617070e-09
3.891896e-05 1.579990e-09
3.913018e-05 1.543760e-09
3.934255e-05 1.508370e-09
3.955608e-05 1.473780e-09
3.977076e-05 1.439990e-09
3.998660e-05 1.406970e-09
4.020362e-05 1.374710e-09
4.042182e-05 1.343870e-09
4.064120e-05 1.315950e-09
4.086177e-05 1.288620e-09
4.108354e-05 1.261860e-09
4.130651e-05 1.235650e-09
4.153069e-05 1.209990e-09
4.175609e-05 1.184860e-09
4.198271e-05 1.160250e-09
4.221056e-05 1.136150e-09
4.243965e-05 1.112560e-09
4.266998e-05 1.089450e-09
4.290156e-05 1.066820e-09
4.313440e-05 1.044670e-09
4.336850e-05 1.022970e-09
4.360387e-05 1.001720e-09
4.384052e-05 9.809200e-10
4.407846e-05 9.605470e-10
4.431768e-05 9.405980e-10
4.455821e-05 9.210630e-10
4.480004e-05 9.019330e-10
4.504318e-05 8.832010e-10
4.528764e-05 8.648580e-10
4.553343e-05 8.468960e-10
4.578055e-05 8.293070e-10
4.602902e-05 8.120830e-10
4.627883e-05 7.952170e-10
4.653000e-05 7.787010e-10
4.678253e-05 7.625280e-10
4.703643e-05 7.466910e-10
4.729171e-05 7.311830e-10
4.754837e-05 7.159980e-10
4.780643e-05 7.011270e-10
4.806589e-05 6.865650e-10
4.832675e-05 6.723060e-10
4.858904e-05 6.583430e-10
4.885274e-05 6.446700e-10
4.911788e-05 6.312810e-10
4.938446e-05 6.181700e-10
4.965248e-05 6.053310e-10
4.992196e-05 5.927590e-10
5.019290e-05 5.804480e-10
5.046531e-05 5.683930e-10
5.073920e-05 5.565880e-10
5.101457e-05 5.450280e-10
5.129144e-05 5.337090e-10
5.156981e-05 5.226240e-10
5.184970e-05 5.117700e-10
5.213110e-05 5.011410e-10
5.241403e-05 4.907330e-10
5.269849e-05 4.805410e-10
5.298450e-05 4.705600e-10
5.327206e-05 4.607870e-10
5.356118e-05 4.512170e-10
5.385188e-05 4.418460e-10
5.414414e-05 4.326690e-10
5.443800e-05 4.236830e-10
5.473345e-05 4.148840e-10
5.503050e-05 4.062670e-10
5.532917e-05 3.978300e-10
5.562945e-05 3.895670e-10
5.593137e-05 3.814760e-10
5.623492e-05 3.735530e-10
5.654013e-05 3.657950e-10
5.684699e-05 3.581980e-10
5.715551e-05 3.507580e-10
5.746571e-05 3.434740e-10
5.777759e-05 3.363400e-10
5.809116e-05 3.293550e-10
5.840644e-05 3.225140e-10
5.872343e-05 3.158160e-10
5.904214e-05 3.092570e-10
5.936257e-05 3.028340e-10
5.968475e-05 2.965440e-10
6.000868e-05 2.903860e-10
6.033436e-05 2.846730e-10
6.066181e-05 2.793770e-10
6.099104e-05 2.741790e-10
6.132205e-05 2.690790e-10
6.165486e-05 2.640730e-10
6.198948e-05 2.591610e-10
6.232592e-05 2.543390e-10
6.266417e-05 2.496080e-10
6.300427e-05 2.449640e-10
6.334621e-05 2.404070e-10
6.369001e-05 2.359350e-10
6.403567e-05 2.315460e-10
6.438321e-05 2.272380e-10
6.473264e-05 2.230110e-10
6.508396e-05 2.188620e-10
6.543719e-05 2.147910e-10
6.579233e-05 2.107950e-10
6.614940e-05 2.068730e-10
6.650841e-05 2.030250e-10
6.686937e-05 1.992480e-10
6.723229e-05 1.955410e-10
6.759718e-05 1.919040e-10
6.796405e-05 1.883340e-10
6.833291e-05 1.848300e-10
6.870377e-05 1.813920e-10
6.907664e-05 1.780170e-10
6.945154e-05 1.747050e-10
6.982847e-05 1.714550e-10
7.020745e-05 1.682660e-10
7.058848e-05 1.651350e-10
7.097159e-05 1.620630e-10
7.135677e-05 1.590490e-10
7.174404e-05 1.560900e-10
7.213342e-05 1.531860e-10
7.252490e-05 1.503360e-10
7.291851e-05 1.475390e-10
7.331426e-05 1.447950e-10
7.371216e-05 1.421010e-10
7.411222e-05 1.394580e-10
7.451444e-05 1.368630e-10
7.491885e-05 1.343170e-10
7.532546e-05 1.318180e-10
7.573427e-05 1.293660e-10
7.614530e-05 1.269600e-10
7.655856e-05 1.245980e-10
7.697406e-05 1.222800e-10
7.739182e-05 1.200050e-10
7.781185e-05 1.177730e-10
7.823416e-05 1.155820e-10
7.865875e-05 1.134310e-10
7.908566e-05 1.113210e-10
7.951487e-05 1.092500e-10
7.994642e-05 1.072180e-10
8.038031e-05 1.052230e-10
8.081656e-05 1.032660e-10
8.125517e-05 1.013450e-10
8.169617e-05 9.945940e-11
8.213955e-05 9.760920e-11
8.258535e-05 9.579330e-11
8.303356e-05 9.401130e-11
8.348421e-05 9.226230e-11
8.393730e-05 9.054600e-11
8.439285e-05 8.886150e-11
8.485087e-05 8.720840e-11
8.531138e-05 8.558610e-11
8.577439e-05 8.399390e-11
8.623991e-05 8.243130e-11
8.670796e-05 8.089790e-11
8.717854e-05 7.939290e-11
8.765168e-05 7.791590e-11
8.812739e-05 7.646650e-11
8.860568e-05 7.504390e-11
8.908657e-05 7.364790e-11
8.957007e-05 7.227780e-11
9.005619e-05 7.093320e-11
9.054495e-05 6.961360e-11
9.103636e-05 6.831860e-11
9.153044e-05 6.704760e-11
9.202720e-05 6.580030e-11
9.252666e-05 6.457620e-11
9.302882e-05 6.337490e-11
9.353372e-05 6.219590e-11
9.404135e-05 6.103890e-11
9.455174e-05 5.990340e-11
9.506489e-05 5.878900e-11
9.558084e-05 5.769530e-11
9.609958e-05 5.662200e-11
9.662114e-05 5.556870e-11
9.714553e-05 5.453490e-11
9.767276e-05 5.352040e-11
9.820286e-05 5.252470e-11
9.873583e-05 5.154760e-11
9.927170e-05 5.058870e-11
9.981047e-05 4.964760e-11
1.003522e-04 4.872400e-11
1.008968e-04 4.781750e-11
1.014444e-04 4.692800e-11
1.019950e-04 4.605500e-11
1.025485e-04 4.519820e-11
1.031051e-04 4.435740e-11
1.036647e-04 4.353220e-11
1.042273e-04 4.272230e-11
1.047929e-04 4.192760e-11
1.053617e-04 4.114760e-11
1.059335e-04 4.038210e-11
1.065084e-04 3.963090e-11
1.070865e-04 3.889360e-11
1.076677e-04 3.817010e-11
1.082520e-04 3.746000e-11
1.088395e-04 3.676310e-11
1.094302e-04 3.612740e-11
1.100241e-04 3.553370e-11
1.106213e-04 3.494980e-11
1.112216e-04 3.437550e-11
1.118253e-04 3.381060e-11
1.124322e-04 3.325500e-11
1.130424e-04 3.270850e-11
1.136559e-04 3.217100e-11
1.142727e-04 3.164240e-11
1.148929e-04 3.112240e-11
1.155165e-04 3.061100e-11
1.161434e-04 3.010800e-11
1.167738e-04 2.961320e-11
1.174075e-04 2.912660e-11
1.180447e-04 2.864800e-11
1.186854e-04 2.817720e-11
1.193295e-04 2.771420e-11
1.199772e-04 2.725880e-11
1.206283e-04 2.681080e-11
1.212830e-04 2.637030e-11
1.219412e-04 2.593690e-11
1.226030e-04 2.551070e-11
1.232684e-04 2.509150e-11
1.239374e-04 2.467920e-11
1.246101e-04 2.427360e-11
1.252864e-04 2.387480e-11
1.259663e-04 2.348240e-11
1.266500e-04 2.309660e-11
1.273374e-04 2.271700e-11
1.280285e-04 2.234370e-11
1.287233e-04 2.197650e-11
1.294219e-04 2.161540e-11
1.301243e-04 2.126020e-11
1.308305e-04 2.091090e-11
1.315406e-04 2.056720e-11
1.322545e-04 2.022930e-11
1.329723e-04 1.989680e-11
1.336940e-04 1.956990e-11
1.344195e-04 1.924830e-11
1.351491e-04 1.893200e-11
1.358826e-04 1.862090e-11
1.366200e-04 1.831490e-11
1.373615e-04 1.801390e-11
1.381070e-04 1.771790e-11
1.388566e-04 1.742680e-11
1.396102e-04 1.714040e-11
1.403679e-04 1.685870e-11
1.411297e-04 1.658170e-11
1.418956e-04 1.630920e-11
1.426657e-04 1.604120e-11
1.434400e-04 1.577760e-11
1.442185e-04 1.551840e-11
1.450012e-04 1.526330e-11
1.457882e-04 1.501250e-11
1.465794e-04 1.476580e-11
1.473749e-04 1.452320e-11
1.481748e-04 1.428450e-11
1.489790e-04 1.404980e-11
1.497875e-04 1.381890e-11
1.506005e-04 1.359180e-11
1.514178e-04 1.336850e-11
1.522396e-04 1.314880e-11
1.530658e-04 1.293270e-11
1.538966e-04 1.272020e-11
1.547318e-04 1.251120e-11
1.555716e-04 1.230560e-11
1.564159e-04 1.210340e-11
1.572648e-04 1.190450e-11
1.581183e-04 1.170890e-11
1.589765e-04 1.151650e-11
1.598393e-04 1.132720e-11
1.607068e-04 1.114110e-11
1.615790e-04 1.095800e-11
1.624559e-04 1.077790e-11
1.633376e-04 1.060080e-11
1.642241e-04 1.042660e-11
1.651154e-04 1.025530e-11
1.660115e-04 1.008680e-11
1.669125e-04 9.921020e-12
1.678184e-04 9.757990e-12
1.687292e-04 9.597640e-12
1.696449e-04 9.439930e-12
1.705656e-04 9.284800e-12
1.714913e-04 9.132230e-12
1.724221e-04 8.982160e-12
1.733578e-04 8.834560e-12
1.742987e-04 8.689390e-12
1.752447e-04 8.546600e-12
1.761958e-04 8.406150e-12
1.771520e-04 8.268020e-12
1.781135e-04 8.132150e-12
1.790801e-04 7.998520e-12
1.800521e-04 7.867080e-12
1.810292e-04 7.737810e-12
1.820117e-04 7.610650e-12
1.829996e-04 7.485590e-12
1.839928e-04 7.362580e-12
1.849913e-04 7.241600e-12
1.859953e-04 7.122600e-12
1.870048e-04 7.005550e-12
1.880197e-04 6.890430e-12
1.890401e-04 6.777210e-12
1.900661e-04 6.665840e-12
1.910977e-04 6.556300e-12
1.921348e-04 6.448560e-12
1.931776e-04 6.342600e-12
1.942260e-04 6.238370e-12
1.952801e-04 6.135860e-12
1.963399e-04 6.035030e-12
1.974055e-04 5.935860e-12
1.984769e-04 5.838320e-12
1.995541e-04 5.742380e-12
2.006371e-04 5.648010e-12
2.017260e-04 5.555200e-12
2.028209e-04 5.463920e-12
2.039216e-04 5.374130e-12
2.050284e-04 5.285820e-12
2.061411e-04 5.198960e-12
2.072599e-04 5.113520e-12
2.083847e-04 5.029500e-12
2.095157e-04 4.946850e-12
2.106528e-04 4.865940e-12
2.117961e-04 4.796570e-12
2.129455e-04 4.728180e-12
2.141013e-04 4.660770e-12
2.152632e-04 4.594320e-12
2.164315e-04 4.528810e-12
2.176062e-04 4.464250e-12
2.187872e-04 4.400600e-12
2.199746e-04 4.337860e-12
2.211685e-04 4.276010e-12
2.223688e-04 4.215050e-12
2.235757e-04 4.154950e-12
2.247891e-04 4.095710e-12
2.260090e-04 4.037320e-12
2.272357e-04 3.979760e-12
2.284689e-04 3.923020e-12
2.297089e-04 3.867080e-12
2.309556e-04 3.811950e-12
2.322090e-04 3.757600e-12
2.334693e-04 3.704030e-12
2.347364e-04 3.651220e-12
2.360104e-04 3.599160e-12
2.372913e-04 3.547850e-12
2.385791e-04 3.497270e-12
2.398740e-04 3.447400e-12
2.411758e-04 3.398250e-12
2.424847e-04 3.349800e-12
2.438008e-04 3.302040e-12
2.451239e-04 3.254960e-12
2.464543e-04 3.208560e-12
2.477919e-04 3.162810e-12
2.491367e-04 3.117720e-12
2.504888e-04 3.073270e-12
2.518483e-04 3.029450e-12
2.532152e-04 2.986260e-12
2.545894e-04 2.943680e-12
2.559711e-04 2.901710e-12
2.573604e-04 2.860340e-12
2.587571e-04 2.819560e-12
2.601615e-04 2.779360e-12
2.615734e-04 2.739740e-12
2.629931e-04 2.700680e-12
2.644204e-04 2.662170e-12
2.658555e-04 2.624220e-12
2.672984e-04 2.586800e-12
2.687491e-04 2.549920e-12
2.702076e-04 2.513570e-12
2.716741e-04 2.477730e-12
2.731486e-04 2.442400e-12
2.746310e-04 2.407580e-12
2.761215e-04 2.373260e-12
2.776201e-04 2.339420e-12
2.791268e-04 2.306070e-12
2.806417e-04 2.273190e-12
2.821648e-04 2.240780e-12
2.836962e-04 2.208830e-12
2.852359e-04 2.177340e-12
2.867840e-04 2.146290e-12
2.883404e-04 2.115690e-12
2.899053e-04 2.085530e-12
2.914787e-04 2.055800e-12
2.930607e-04 2.026490e-12
2.946512e-04 1.997590e-12
2.962503e-04 1.969110e-12
2.978582e-04 1.941040e-12
2.994747e-04 1.913360e-12
3.011000e-04 1.886090e-12
3.027342e-04 1.859190e-12
3.043772e-04 1.832690e-12
3.060292e-04 1.806560e-12
3.076901e-04 1.780800e-12
3.093600e-04 1.755410e-12
3.110390e-04 1.730380e-12
3.127270e-04 1.705710e-12
3.144243e-04 1.681400e-12
3.161308e-04 1.657420e-12
3.178465e-04 1.633790e-12
3.195715e-04 1.610500e-12
3.213059e-04 1.587540e-12
3.230497e-04 1.564900e-12
3.248030e-04 1.542590e-12
3.265658e-04 1.520600e-12
3.283382e-04 1.498920e-12
3.301202e-04 1.477550e-12
3.319118e-04 1.456480e-12
3.337132e-04 1.435720e-12
3.355243e-04 1.415250e-12
3.373453e-04 1.395070e-12
3.391762e-04 1.375180e-12
3.410170e-04 1.355570e-12
3.428678e-04 1.336250e-12
3.447286e-04 1.317200e-12
3.465995e-04 1.298420e-12
3.484806e-04 1.279900e-12
3.503719e-04 1.261660e-12
3.522735e-04 1.243670e-12
3.541854e-04 1.225940e-12
3.561076e-04 1.208460e-12
3.580403e-04 1.191230e-12
3.599835e-04 1.174240e-12
3.619372e-04 1.157500e-12
3.639016e-04 1.141000e-12
3.658766e-04 1.124730e-12
3.678623e-04 1.108700e-12
3.698588e-04 1.092890e-12
3.718661e-04 1.077310e-12
3.738843e-04 1.061950e-12
3.759135e-04 1.046810e-12
3.779537e-04 1.032100e-12
3.800049e-04 1.019640e-12
3.820673e-04 1.007320e-12
3.841409e-04 9.951550e-13
3.862257e-04 9.831370e-13
3.883219e-04 9.712630e-13
3.904294e-04 9.595330e-13
3.925484e-04 9.479440e-13
3.946788e-04 9.364960e-13
3.968209e-04 9.251860e-13
3.989745e-04 9.140120e-13
4.011399e-04 9.029730e-13
4.033170e-04 8.920680e-13
4.055059e-04 8.812940e-13
4.077067e-04 8.706510e-13
4.099194e-04 8.601360e-13
4.121441e-04 8.497480e-13
4.143810e-04 8.394850e-13
4.166299e-04 8.293460e-13
4.188911e-04 8.193300e-13
4.211645e-04 8.094350e-13
4.234503e-04 7.996590e-13
4.257485e-04 7.900020e-13
4.280591e-04 7.804610e-13
4.303823e-04 7.710350e-13
4.327181e-04 7.617230e-13
4.350666e-04 7.525230e-13
4.374278e-04 7.434350e-13
4.398018e-04 7.344560e-13
4.421888e-04 7.255860e-13
4.445886e-04 7.168230e-13
4.470015e-04 7.081660e-13
4.494275e-04 6.996130e-13
4.518667e-04 6.911640e-13
4.543191e-04 6.828170e-13
4.567848e-04 6.745700e-13
4.592639e-04 6.664230e-13
4.617565e-04 6.583750e-13
4.642625e-04 6.504230e-13
4.667822e-04 6.425680e-13
4.693156e-04 6.348080e-13
4.718627e-04 6.271410e-13
4.744236e-04 6.195670e-13
4.769984e-04 6.120840e-13
4.795872e-04 6.046920e-13
4.821901e-04 5.973890e-13
4.848071e-04 5.901740e-13
4.874382e-04 5.830460e-13
4.900837e-04 5.760050e-13
4.927435e-04 5.690480e-13
4.954178e-04 5.621760e-13
4.981065e-04 5.553860e-13
5.008099e-04 5.486790e-13
5.035279e-04 5.420520e-13
5.062607e-04 5.355060e-13
5.090083e-04 5.290380e-13
5.117708e-04 5.226490e-13
5.145484e-04 5.163370e-13
5.173409e-04 5.101010e-13
5.201487e-04 5.039400e-13
5.229717e-04 4.978540e-13
5.258100e-04 4.918420e-13
5.286637e-04 4.859020e-13
5.315329e-04 4.800330e-13
5.344177e-04 4.742360e-13
5.373181e-04 4.685080e-13
5.402343e-04 4.628500e-13
5.431663e-04 4.572600e-13
5.461142e-04 4.517380e-13
5.490781e-04 4.462820e-13
5.520581e-04 4.408920e-13
5.550543e-04 4.355670e-13
5.580667e-04 4.303070e-13
5.610955e-04 4.251100e-13
5.641407e-04 4.199760e-13
5.672024e-04 4.149040e-13
5.702808e-04 4.098930e-13
5.733759e-04 4.049430e-13
5.764877e-04 4.000520e-13
5.796165e-04 3.952200e-13
5.827622e-04 3.904470e-13
5.859250e-04 3.857320e-13
5.891050e-04 3.810730e-13
5.923022e-04 3.764710e-13
5.955168e-04 3.719240e-13
5.987488e-04 3.674320e-13
6.019984e-04 3.629950e-13
6.052656e-04 3.586110e-13
6.085506e-04 3.542800e-13
6.118533e-04 3.500010e-13
6.151740e-04 3.457740e-13
6.185127e-04 3.415980e-13
6.218696e-04 3.374730e-13
6.252446e-04 3.335230e-13
6.286380e-04 3.302230e-13
6.320498e-04 3.269570e-13
6.354801e-04 3.237220e-13
6.389290e-04 3.205200e-13
6.423967e-04 3.173490e-13
6.458831e-04 3.142100e-13
6.493885e-04 3.111020e-13
6.529129e-04 3.080240e-13
6.564564e-04 3.049770e-13
6.600192e-04 3.019600e-13
6.636013e-04 2.989730e-13
6.672028e-04 2.960160e-13
6.708239e-04 2.930880e-13
6.744647e-04 2.901880e-13
6.781252e-04 2.873180e-13
6.818056e-04 2.844750e-13
6.855059e-04 2.816610e-13
6.892263e-04 2.788750e-13
6.929669e-04 2.761160e-13
6.967279e-04 2.733850e-13
7.005092e-04 2.706810e-13
7.043110e-04 2.680030e-13
7.081335e-04 2.653520e-13
7.119768e-04 2.627270e-13
7.158408e-04 2.601280e-13
7.197259e-04 2.575550e-13
7.236321e-04 2.550070e-13
7.275594e-04 2.524840e-13
7.315081e-04 2.499870e-13
7.354782e-04 2.475140e-13
7.394698e-04 2.450650e-13
7.434831e-04 2.426410e-13
7.475182e-04 2.402410e-13
7.515752e-04 2.378640e-13
7.556542e-04 2.355110e-13
7.597553e-04 2.331810e-13
7.638787e-04 2.308750e-13
7.680245e-04 2.285910e-13
7.721928e-04 2.263300e-13
7.763836e-04 2.240910e-13
7.805973e-04 2.218740e-13
7.848338e-04 2.196790e-13
7.890933e-04 2.175060e-13
7.933759e-04 2.153540e-13
7.976818e-04 2.132240e-13
8.020110e-04 2.111150e-13
8.063638e-04 2.090260e-13
8.107401e-04 2.069590e-13
8.151402e-04 2.049110e-13
8.195642e-04 2.028840e-13
8.240122e-04 2.008770e-13
8.284843e-04 1.988900e-13
8.329807e-04 1.969230e-13
8.375016e-04 1.949750e-13
8.420469e-04 1.930460e-13
8.466169e-04 1.911360e-13
8.512117e-04 1.892460e-13
8.558315e-04 1.873740e-13
8.604763e-04 1.855200e-13
8.651464e-04 1.836850e-13
8.698417e-04 1.818680e-13
8.745626e-04 1.800690e-13
8.793091e-04 1.782870e-13
8.840813e-04 1.765240e-13
8.888795e-04 1.747770e-13
8.937037e-04 1.730490e-13
8.985541e-04 1.713370e-13
9.034308e-04 1.696420e-13
9.083339e-04 1.679640e-13
9.132637e-04 1.663020e-13
9.182202e-04 1.646570e-13
9.232036e-04 1.630280e-13
9.282141e-04 1.614150e-13
9.332518e-04 1.598190e-13
9.383168e-04 1.582380e-13
9.434093e-04 1.566720e-13
9.485294e-04 1.551230e-13
9.536774e-04 1.535880e-13
9.588532e-04 1.520690e-13
9.640572e-04 1.505640e-13
9.692894e-04 1.492410e-13
9.745500e-04 1.480920e-13
9.798391e-04 1.469510e-13
9.851570e-04 1.458190e-13
9.905037e-04 1.446960e-13
9.958794e-04 1.435820e-13
1.001284e-03 1.424760e-13
1.006719e-03 1.413780e-13
1.012182e-03 1.402890e-13
1.017676e-03 1.392090e-13
1.023199e-03 1.381370e-13
1.028752e-03 1.370730e-13
1.034335e-03 1.360170e-13
1.039949e-03 1.349690e-13
1.045593e-03 1.339300e-13
1.051268e-03 1.328980e-13
1.056973e-03 1.318740e-13
1.062710e-03 1.308590e-13
1.068477e-03 1.298510e-13
1.074276e-03 1.288500e-13
1.080107e-03 1.278580e-13
1.085969e-03 1.268730e-13
1.091863e-03 1.258960e-13
1.097788e-03 1.249260e-13
1.103746e-03 1.239640e-13
1.109737e-03 1.230090e-13
1.115760e-03 1.220620e-13
1.121815e-03 1.211220e-13
1.127903e-03 1.201890e-13
1.134025e-03 1.192630e-13
1.140180e-03 1.183440e-13
1.146368e-03 1.174330e-13
1.152589e-03 1.165280e-13
1.158845e-03 1.156310e-13
1.165134e-03 1.147400e-13
1.171458e-03 1.138560e-13
1.177815e-03 1.129790e-13
1.184208e-03 1.121090e-13
1.190635e-03 1.112450e-13
1.197097e-03 1.103890e-13
1.203594e-03 1.095380e-13
1.210126e-03 1.086950e-13
1.216693e-03 1.078570e-13
1.223297e-03 1.070270e-13
1.229936e-03 1.062020e-13
1.236611e-03 1.053840e-13
1.243323e-03 1.045730e-13
1.250070e-03 1.037670e-13
1.256855e-03 1.029680e-13
1.263676e-03 1.021750e-13
1.270535e-03 1.013880e-13
1.277430e-03 1.006070e-13
1.284363e-03 9.983180e-14
1.291334e-03 9.906290e-14
1.298342e-03 9.829990e-14
1.305388e-03 9.754270e-14
1.312473e-03 9.679140e-14
1.319596e-03 9.604590e-14
1.326758e-03 9.530610e-14
1.333959e-03 9.457200e-14
1.341199e-03 9.384350e-14
1.348478e-03 9.312070e-14
1.355796e-03 9.240350e-14
1.363154e-03 9.169170e-14
1.370553e-03 9.098550e-14
1.377991e-03 9.028470e-14
1.385470e-03 8.959450e-14
1.392989e-03 8.910100e-14
1.400549e-03 8.861030e-14
1.408150e-03 8.812220e-14
1.415793e-03 8.763690e-14
1.423477e-03 8.715420e-14
1.431202e-03 8.667420e-14
1.438970e-03 8.619680e-14
1.446779e-03 8.572200e-14
1.454631e-03 8.524990e-14
1.462526e-03 8.478030e-14
1.470464e-03 8.431340e-14
1.478444e-03 8.384900e-14
1.486468e-03 8.338720e-14
1.494536e-03 8.292790e-14
1.502647e-03 8.247110e-14
1.510802e-03 8.201690e-14
1.519002e-03 8.156520e-14
1.527246e-03 8.111590e-14
1.535535e-03 8.066910e-14
1.543868e-03 8.022480e-14
1.552247e-03 7.978300e-14
1.560672e-03 7.934350e-14
1.569142e-03 7.890650e-14
1.577658e-03 7.847190e-14
1.586220e-03 7.803970e-14
1.594829e-03 7.760990e-14
1.603485e-03 7.718240e-14
1.612187e-03 7.675730e-14
1.620937e-03 7.633450e-14
1.629734e-03 7.591410e-14
1.638579e-03 7.549600e-14
1.647472e-03 7.508020e-14
1.656414e-03 7.466660e-14
1.665404e-03 7.425540e-14
1.674442e-03 7.384640e-14
1.683530e-03 7.343970e-14
1.692667e-03 7.303520e-14
1.701853e-03 7.263290e-14
1.711090e-03 7.223280e-14
1.720376e-03 7.183500e-14
1.729713e-03 7.143930e-14
1.739101e-03 7.104590e-14
1.748539e-03 7.065460e-14
1.758029e-03 7.026540e-14
1.767571e-03 6.987840e-14
1.777164e-03 6.949350e-14
1.786809e-03 6.911080e-14
1.796506e-03 6.873010e-14
1.806256e-03 6.835160e-14
1.816059e-03 6.797510e-14
1.825916e-03 6.760070e-14
1.835825e-03 6.727010e-14
1.845789e-03 6.704760e-14
1.855807e-03 6.682580e-14
1.865878e-03 6.660470e-14
1.876005e-03 6.638430e-14
1.886187e-03 6.616470e-14
1.896424e-03 6.594580e-14
1.906716e-03 6.572760e-14
1.917064e-03 6.551020e-14
1.927469e-03 6.529340e-14
1.937930e-03 6.507740e-14
1.948447e-03 6.486210e-14
1.959022e-03 6.464750e-14
1.969654e-03 6.443370e-14
1.980344e-03 6.422050e-14
1.991092e-03 6.400800e-14
2.001898e-03 6.379630e-14
2.012763e-03 6.358520e-14
2.023687e-03 6.337490e-14
2.034670e-03 6.316520e-14
2.045712e-03 6.295620e-14
2.056815e-03 6.274790e-14
2.067978e-03 6.254030e-14
2.079201e-03 6.233340e-14
2.090486e-03 6.212720e-14
2.101831e-03 6.192170e-14
2.113239e-03 6.171680e-14
2.124708e-03 6.151260e-14
2.136239e-03 6.130910e-14
2.147833e-03 6.110630e-14
2.159490e-03 6.090410e-14
2.171210e-03 6.070260e-14
2.182994e-03 6.050180e-14
2.194842e-03 6.030170e-14
2.206754e-03 6.010220e-14
2.218730e-03 5.990330e-14
2.230772e-03 5.970510e-14
2.242879e-03 5.950760e-14
2.255052e-03 5.931070e-14
2.267290e-03 5.911450e-14
2.279595e-03 5.894680e-14
2.291967e-03 5.888180e-14
2.304407e-03 5.881680e-14
2.316913e-03 5.875180e-14
2.329488e-03 5.868700e-14
2.342130e-03 5.862220e-14
2.354842e-03 5.855750e-14
2.367622e-03 5.849280e-14
2.380472e-03 5.842820e-14
2.393391e-03 5.836370e-14
2.406381e-03 5.829930e-14
2.419441e-03 5.823490e-14
2.432572e-03 5.817060e-14
2.445774e-03 5.810640e-14
2.459048e-03 5.804230e-14
2.472394e-03 5.797820e-14
2.485812e-03 5.791420e-14
2.499304e-03 5.785020e-14
2.512868e-03 5.778640e-14
2.526506e-03 5.772260e-14
2.540218e-03 5.765890e-14
2.554004e-03 5.759520e-14
2.567866e-03 5.753160e-14
2.581802e-03 5.746810e-14
2.595814e-03 5.740470e-14
2.609903e-03 5.734130e-14
2.624067e-03 5.727800e-14
2.638309e-03 5.721470e-14
2.652628e-03 5.715160e-14
2.667024e-03 5.708850e-14
2.681499e-03 5.702550e-14
2.696052e-03 5.696250e-14
2.710684e-03 5.689960e-14
2.725396e-03 5.690630e-14
2.740187e-03 5.696920e-14
2.755059e-03 5.703210e-14
2.770011e-03 5.709520e-14
2.785045e-03 5.715830e-14
2.800160e-03 5.722140e-14
2.815357e-03 5.728470e-14
2.830637e-03 5.734800e-14
2.846000e-03 5.741140e-14
2.861446e-03 5.747480e-14
2.876976e-03 5.753840e-14
2.892590e-03 5.760190e-14
2.908289e-03 5.766560e-14
2.924073e-03 5.772930e-14
2.939942e-03 5.779310e-14
2.955898e-03 5.785700e-14
2.971941e-03 5.792100e-14
2.988070e-03 5.798500e-14
3.004287e-03 5.804910e-14
3.020592e-03 5.811320e-14
3.036986e-03 5.817750e-14
3.053469e-03 5.824180e-14
3.070041e-03 5.830610e-14
3.086702e-03 5.837060e-14
3.103455e-03 5.843510e-14
3.120298e-03 5.849970e-14
3.137233e-03 5.856430e-14
3.154259e-03 5.862900e-14
3.171378e-03 5.869380e-14
3.188590e-03 5.883040e-14
3.205896e-03 5.902560e-14
3.223295e-03 5.922160e-14
3.240789e-03 5.941810e-14
3.258377e-03 5.961540e-14
3.276061e-03 5.981320e-14
3.293841e-03 6.001180e-14
3.311718e-03 6.021100e-14
3.329692e-03 6.041080e-14
3.347763e-03 6.061140e-14
3.365932e-03 6.081260e-14
3.384200e-03 6.101440e-14
3.402567e-03 6.121690e-14
3.421033e-03 6.142010e-14
3.439600e-03 6.162400e-14
3.458268e-03 6.182860e-14
3.477037e-03 6.203380e-14
3.495908e-03 6.223970e-14
3.514881e-03 6.244630e-14
3.533957e-03 6.265360e-14
3.553137e-03 6.286150e-14
3.572421e-03 6.307020e-14
3.591809e-03 6.327960e-14
3.611303e-03 6.348960e-14
3.630902e-03 6.370030e-14
3.650608e-03 6.391180e-14
3.670421e-03 6.412390e-14
3.690341e-03 6.433680e-14
3.710370e-03 6.457110e-14
3.730507e-03 6.492870e-14
3.750754e-03 6.528830e-14
3.771110e-03 6.564990e-14
3.791577e-03 6.601350e-14
3.812155e-03 6.637910e-14
3.832844e-03 6.674670e-14
3.853646e-03 6.711640e-14
3.874561e-03 6.748810e-14
3.895589e-03 6.786190e-14
3.916732e-03 6.823770e-14
3.937989e-03 6.861560e-14
3.959361e-03 6.899560e-14
3.980850e-03 6.937780e-14
4.002455e-03 6.976200e-14
4.024177e-03 7.014840e-14
4.046018e-03 7.053690e-14
4.067977e-03 7.092750e-14
4.090055e-03 7.132030e-14
4.112252e-03 7.171530e-14
4.134571e-03 7.211250e-14
4.157010e-03 7.251190e-14
4.179571e-03 7.291350e-14
4.202255e-03 7.331730e-14
4.225062e-03 7.372340e-14
4.247992e-03 7.413170e-14
4.271047e-03 7.454220e-14
4.294227e-03 7.495510e-14
4.317533e-03 7.537020e-14
4.340966e-03 7.578760e-14
4.364525e-03 7.620740e-14
4.388213e-03 7.671410e-14
4.412029e-03 7.730960e-14
4.435974e-03 7.790970e-14
4.460049e-03 7.851440e-14
4.484255e-03 7.912390e-14
4.508593e-03 7.973810e-14
4.533062e-03 8.035700e-14
4.557664e-03 8.098080e-14
4.582400e-03 8.160940e-14
4.607270e-03 8.224280e-14
4.632275e-03 8.288120e-14
4.657415e-03 8.352460e-14
4.682692e-03 8.417290e-14
4.708106e-03 8.482630e-14
4.733659e-03 8.548470e-14
4.759349e-03 8.614830e-14
4.785180e-03 8.681700e-14
4.811150e-03 8.749090e-14
4.837262e-03 8.817000e-14
4.863515e-03 8.885440e-14
4.889910e-03 8.954410e-14
4.916449e-03 9.023920e-14
4.943132e-03 9.093960e-14
4.969960e-03 9.164550e-14
4.996933e-03 9.235690e-14
5.024053e-03 9.307380e-14
5.051320e-03 9.379630e-14
5.078735e-03 9.452430e-14
5.106298e-03 9.525800e-14
5.134011e-03 9.599750e-14
5.161875e-03 9.674260e-14
5.189890e-03 9.749360e-14
5.218057e-03 9.825030e-14
5.246377e-03 9.901300e-14
5.274850e-03 9.978150e-14
5.303478e-03 1.005560e-13
5.332262e-03 1.014880e-13
5.361201e-03 1.025020e-13
5.390298e-03 1.035260e-13
5.419553e-03 1.045610e-13
5.448966e-03 1.056050e-13
5.478539e-03 1.066600e-13
5.508273e-03 1.077260e-13
5.538167e-03 1.088020e-13
5.568225e-03 1.098890e-13
5.598445e-03 1.109870e-13
5.628829e-03 1.120960e-13
5.659378e-03 1.132160e-13
5.690093e-03 1.143470e-13
5.720975e-03 1.154900e-13
5.752024e-03 1.166440e-13
5.783242e-03 1.178090e-13
5.814629e-03 1.189860e-13
5.846187e-03 1.201750e-13
5.877916e-03 1.213750e-13
5.909817e-03 1.225880e-13
5.941891e-03 1.238130e-13
5.974139e-03 1.250500e-13
6.006562e-03 1.262990e-13
6.039162e-03 1.275610e-13
6.071938e-03 1.288360e-13
6.104892e-03 1.301230e-13
6.138025e-03 1.314230e-13
6.171337e-03 1.327360e-13
6.204831e-03 1.340620e-13
6.238506e-03 1.354020e-13
6.272364e-03 1.367540e-13
6.306406e-03 1.381210e-13
6.340633e-03 1.395010e-13
6.375045e-03 1.408940e-13
6.409644e-03 1.423020e-13
6.444431e-03 1.437240e-13
6.479407e-03 1.451600e-13
6.514572e-03 1.466100e-13
6.549928e-03 1.480750e-13
6.585477e-03 1.495540e-13
6.621218e-03 1.510490e-13
6.657153e-03 1.525580e-13
6.693283e-03 1.540820e-13
6.729609e-03 1.556320e-13
6.766133e-03 1.575340e-13
6.802854e-03 1.594600e-13
6.839775e-03 1.614090e-13
6.876897e-03 1.633830e-13
6.914219e-03 1.653800e-13
6.951745e-03 1.674020e-13
6.989474e-03 1.694480e-13
7.027407e-03 1.715200e-13
7.065547e-03 1.736160e-13
7.103894e-03 1.757390e-13
7.142448e-03 1.778870e-13
7.181212e-03 1.800620e-13
7.220187e-03 1.822630e-13
7.259373e-03 1.844910e-13
7.298771e-03 1.867470e-13
7.338384e-03 1.890300e-13
7.378211e-03 1.913400e-13
7.418255e-03 1.936790e-13
7.458516e-03 1.960470e-13
7.498995e-03 1.984440e-13
7.539694e-03 2.008700e-13
7.580614e-03 2.033250e-13
7.621756e-03 2.058110e-13
7.663121e-03 2.083270e-13
7.704711e-03 2.108740e-13
7.746527e-03 2.134520e-13
7.788569e-03 2.160610e-13
7.830840e-03 2.187020e-13
7.873340e-03 2.213760e-13
7.916071e-03 2.240820e-13
7.959033e-03 2.268220e-13
8.002229e-03 2.295950e-13
8.045659e-03 2.324010e-13
8.089325e-03 2.352420e-13
8.133228e-03 2.381180e-13
8.177370e-03 2.410290e-13
8.221750e-03 2.439760e-13
8.266372e-03 2.469580e-13
8.311236e-03 2.499770e-13
8.356343e-03 2.530330e-13
8.401695e-03 2.561260e-13
8.447294e-03 2.592580e-13
8.493139e-03 2.624270e-13
8.539234e-03 2.656350e-13
8.585579e-03 2.688820e-13
8.632175e-03 2.721690e-13
8.679024e-03 2.754970e-13
8.726127e-03 2.788650e-13
8.773486e-03 2.822740e-13
8.821103e-03 2.857240e-13
8.868977e-03 2.892170e-13
8.917111e-03 2.927530e-13
8.965507e-03 2.967420e-13
9.014165e-03 3.010340e-13
9.063087e-03 3.053880e-13
9.112275e-03 3.098050e-13
9.161730e-03 3.142860e-13
9.211453e-03 3.188320e-13
9.261446e-03 3.234430e-13
9.311711e-03 3.281210e-13
9.362248e-03 3.328670e-13
9.413059e-03 3.376810e-13
9.464146e-03 3.425650e-13
9.515511e-03 3.475200e-13
9.567154e-03 3.525460e-13
9.619078e-03 3.576460e-13
9.671283e-03 3.628180e-13
9.723772e-03 3.680660e-13
9.776545e-03 3.733900e-13
9.829605e-03 3.787900e-13
9.882953e-03 3.842690e-13
9.936591e-03 3.898270e-13
9.990519e-03 3.954650e-13
1.004474e-02 4.011850e-13
1.009926e-02 4.069870e-13
1.015407e-02 4.128740e-13
1.020918e-02 4.188450e-13
1.026458e-02 4.249030e-13
1.032029e-02 4.310490e-13
1.037630e-02 4.372830e-13
1.043262e-02 4.436080e-13
1.048924e-02 4.500240e-13
1.054617e-02 4.565330e-13
1.060340e-02 4.631360e-13
1.066095e-02 4.698350e-13
1.071881e-02 4.766300e-13
1.077699e-02 4.835240e-13
1.083548e-02 4.905180e-13
1.089428e-02 4.976120e-13
1.095341e-02 5.048100e-13
1.101286e-02 5.121110e-13
1.107263e-02 5.195180e-13
1.113272e-02 5.270320e-13
1.119314e-02 5.346550e-13
1.125389e-02 5.423880e-13
1.131497e-02 5.502320e-13
1.137638e-02 5.581910e-13
1.143812e-02 5.662640e-13
1.150020e-02 5.744540e-13
1.156261e-02 5.827630e-13
1.162536e-02 5.911920e-13
1.168846e-02 5.997430e-13
1.175189e-02 6.084170e-13
1.181567e-02 6.172170e-13
1.187980e-02 6.261440e-13
1.194428e-02 6.352000e-13
1.200910e-02 6.443870e-13
1.207428e-02 6.537080e-13
1.213981e-02 6.631630e-13
1.220569e-02 6.727540e-13
1.227194e-02 6.824850e-13
1.233854e-02 6.923560e-13
1.240551e-02 7.027500e-13
1.247283e-02 7.144910e-13
1.254053e-02 7.264280e-13
1.260859e-02 7.385650e-13
1.267702e-02 7.509040e-13
1.274582e-02 7.634500e-13
1.281499e-02 7.762050e-13
1.288455e-02 7.891730e-13
1.295447e-02 8.023580e-13
1.302478e-02 8.157630e-13
1.309547e-02 8.293920e-13
1.316654e-02 8.432490e-13
1.323800e-02 8.573380e-13
1.330985e-02 8.716610e-13
1.338208e-02 8.862240e-13
1.345471e-02 9.010310e-13
1.352773e-02 9.160840e-13
1.360115e-02 9.313900e-13
1.367497e-02 9.469500e-13
1.374919e-02 9.627710e-13
1.382381e-02 9.788570e-13
1.389883e-02 9.952110e-13
1.397427e-02 1.011840e-12
1.405011e-02 1.028740e-12
1.412636e-02 1.045930e-12
1.420303e-02 1.063400e-12
1.428011e-02 1.081170e-12
1.435761e-02 1.099230e-12
1.443554e-02 1.117600e-12
1.451388e-02 1.136270e-12
1.459265e-02 1.155260e-12
1.467185e-02 1.174560e-12
1.475148e-02 1.194180e-12
1.483154e-02 1.214130e-12
1.491204e-02 1.234420e-12
1.499297e-02 1.255040e-12
1.507434e-02 1.276010e-12
1.515615e-02 1.297330e-12
1.523841e-02 1.319000e-12
1.532111e-02 1.341040e-12
1.540426e-02 1.363440e-12
1.548786e-02 1.386220e-12
1.557192e-02 1.409380e-12
1.565643e-02 1.432930e-12
1.574141e-02 1.456870e-12
1.582684e-02 1.481210e-12
1.591274e-02 1.505960e-12
1.599910e-02 1.531120e-12
1.608593e-02 1.556700e-12
1.617323e-02 1.582710e-12
1.626101e-02 1.609150e-12
1.634926e-02 1.636030e-12
1.643799e-02 1.663370e-12
1.652721e-02 1.691160e-12
1.661690e-02 1.719410e-12
1.670709e-02 1.748140e-12
1.679776e-02 1.777340e-12
1.688893e-02 1.807040e-12
1.698059e-02 1.837230e-12
1.707275e-02 1.867920e-12
1.716541e-02 1.899130e-12
1.725857e-02 1.930860e-12
1.735223e-02 1.963120e-12
1.744641e-02 1.995920e-12
1.754110e-02 2.029260e-12
1.763630e-02 2.063170e-12
1.773201e-02 2.097640e-12
1.782825e-02 2.132680e-12
1.792501e-02 2.168310e-12
1.802229e-02 2.204540e-12
1.812010e-02 2.241370e-12
1.821845e-02 2.278820e-12
1.831732e-02 2.316890e-12
1.841674e-02 2.355600e-12
1.851669e-02 2.399800e-12
1.861718e-02 2.445290e-12
1.871822e-02 2.491640e-12
1.881981e-02 2.538870e-12
1.892195e-02 2.587000e-12
1.902465e-02 2.636040e-12
1.912790e-02 2.686000e-12
1.923171e-02 2.736920e-12
1.933609e-02 2.788800e-12
1.944103e-02 2.841660e-12
1.954654e-02 2.895530e-12
1.965263e-02 2.950420e-12
1.975929e-02 3.006340e-12
1.986653e-02 3.063330e-12
1.997435e-02 3.121400e-12
2.008275e-02 3.180570e-12
2.019175e-02 3.240860e-12
2.030133e-02 3.302290e-12
2.041151e-02 3.364890e-12
2.052229e-02 3.428670e-12
2.063367e-02 3.493670e-12
2.074566e-02 3.559890e-12
2.085825e-02 3.627370e-12
2.097145e-02 3.696130e-12
2.108527e-02 3.766200e-12
2.119971e-02 3.837590e-12
2.131476e-02 3.910330e-12
2.143044e-02 3.984460e-12
2.154675e-02 4.059980e-12
2.166369e-02 4.136940e-12
2.178127e-02 4.215360e-12
2.189948e-02 4.295270e-12
2.201833e-02 4.376690e-12
2.213783e-02 4.459650e-12
2.225798e-02 4.544190e-12
2.237878e-02 4.630330e-12
2.250024e-02 4.718100e-12
2.262235e-02 4.807540e-12
2.274513e-02 4.898670e-12
2.286857e-02 4.991520e-12
2.299269e-02 5.086140e-12
2.311748e-02 5.182560e-12
2.324294e-02 5.280790e-12
2.336909e-02 5.380900e-12
2.349592e-02 5.482900e-12
2.362344e-02 5.586830e-12
2.375165e-02 5.692730e-12
2.388055e-02 5.800640e-12
2.401016e-02 5.910600e-12
2.414047e-02 6.022640e-12
2.427149e-02 6.136800e-12
2.440321e-02 6.253130e-12
2.453566e-02 6.371660e-12
2.466882e-02 6.492440e-12
2.480270e-02 6.615510e-12
2.493731e-02 6.740920e-12
2.507265e-02 6.868690e-12
2.520873e-02 6.998900e-12
2.534555e-02 7.131570e-12
2.548310e-02 7.266750e-12
2.562141e-02 7.404500e-12
2.576046e-02 7.544860e-12
2.590027e-02 7.687880e-12
2.604084e-02 7.833610e-12
2.618217e-02 7.982100e-12
2.632427e-02 8.133400e-12
2.646713e-02 8.287580e-12
2.661078e-02 8.444680e-12
2.675520e-02 8.604750e-12
2.690041e-02 8.767860e-12
2.704641e-02 8.934070e-12
2.719319e-02 9.103420e-12
2.734078e-02 9.275980e-12
2.748916e-02 9.451820e-12
2.763836e-02 9.630980e-12
2.778836e-02 9.813550e-12
2.793917e-02 9.999570e-12
2.809080e-02 1.018910e-11
2.824326e-02 1.038230e-11
2.839654e-02 1.057910e-11
2.855066e-02 1.077960e-11
2.870561e-02 1.098390e-11
2.886141e-02 1.119210e-11
2.901804e-02 1.140430e-11
2.917553e-02 1.162050e-11
2.933388e-02 1.184080e-11
2.949308e-02 1.206520e-11
2.965315e-02 1.229390e-11
2.981408e-02 1.252700e-11
2.997589e-02 1.276440e-11
3.013858e-02 1.300640e-11
3.030215e-02 1.325290e-11
3.046661e-02 1.350410e-11
3.063196e-02 1.376010e-11
3.079821e-02 1.402100e-11
3.096536e-02 1.428670e-11
3.113341e-02 1.455760e-11
3.130238e-02 1.483350e-11
3.147227e-02 1.511470e-11
3.164308e-02 1.540120e-11
3.181481e-02 1.569310e-11
3.198748e-02 1.599060e-11
3.216108e-02 1.629370e-11
3.233563e-02 1.660260e-11
3.251113e-02 1.691730e-11
3.268757e-02 1.723800e-11
3.286498e-02 1.756470e-11
3.304334e-02 1.789770e-11
3.322268e-02 1.823700e-11
3.340299e-02 1.859190e-11
3.358427e-02 1.898620e-11
3.376655e-02 1.938890e-11
3.394981e-02 1.980010e-11
3.413406e-02 2.022010e-11
3.431932e-02 2.064890e-11
3.450558e-02 2.108690e-11
3.469285e-02 2.153410e-11
3.488113e-02 2.199080e-11
3.507044e-02 2.245720e-11
3.526078e-02 2.293350e-11
3.545215e-02 2.341990e-11
3.564456e-02 2.391670e-11
3.583801e-02 2.442390e-11
3.603251e-02 2.494190e-11
3.622807e-02 2.547090e-11
3.642469e-02 2.601120e-11
3.662238e-02 2.656290e-11
3.682114e-02 2.712620e-11
3.702098e-02 2.770160e-11
3.722190e-02 2.828910e-11
3.742391e-02 2.888910e-11
3.762702e-02 2.950180e-11
3.783123e-02 3.012750e-11
3.803655e-02 3.076650e-11
3.824299e-02 3.141910e-11
3.845054e-02 3.208540e-11
3.865922e-02 3.276600e-11
3.886904e-02 3.346090e-11
3.907999e-02 3.417060e-11
3.929209e-02 3.489530e-11
3.950534e-02 3.563540e-11
3.971974e-02 3.639120e-11
3.993531e-02 3.716310e-11
4.015205e-02 3.795130e-11
4.036997e-02 3.875620e-11
4.058907e-02 3.957820e-11
4.080936e-02 4.041760e-11
4.103084e-02 4.127490e-11
4.125353e-02 4.215030e-11
4.147742e-02 4.304430e-11
4.170253e-02 4.395720e-11
4.192886e-02 4.488950e-11
4.215642e-02 4.584160e-11
4.238521e-02 4.681390e-11
4.261525e-02 4.780680e-11
4.284653e-02 4.882070e-11
4.307907e-02 4.985620e-11
4.331287e-02 5.091360e-11
4.354795e-02 5.199340e-11
4.378429e-02 5.309620e-11
4.402192e-02 5.422230e-11
4.426084e-02 5.537230e-11
4.450106e-02 5.654680e-11
4.474257e-02 5.774610e-11
4.498540e-02 5.897080e-11
4.522955e-02 6.022160e-11
4.547503e-02 6.149880e-11
4.572183e-02 6.280320e-11
4.596998e-02 6.413520e-11
4.621947e-02 6.549550e-11
4.647031e-02 6.688460e-11
4.672252e-02 6.830320e-11
4.697610e-02 6.975190e-11
4.723105e-02 7.123130e-11
4.748738e-02 7.274200e-11
4.774511e-02 7.428480e-11
4.800424e-02 7.586040e-11
4.826477e-02 7.746930e-11
4.852671e-02 7.911240e-11
4.879008e-02 8.079030e-11
4.905488e-02 8.250380e-11
4.932111e-02 8.425370e-11
4.958879e-02 8.604070e-11
4.985792e-02 8.786550e-11
5.012851e-02 8.972910e-11
5.040058e-02 9.163220e-11
5.067411e-02 9.357570e-11
5.094914e-02 9.556040e-11
5.122565e-02 9.758720e-11
5.150367e-02 9.965690e-11
5.178319e-02 1.017710e-10
5.206423e-02 1.039290e-10
5.234680e-02 1.061330e-10
5.263090e-02 1.083840e-10
5.291654e-02 1.106830e-10
5.320373e-02 1.130310e-10
5.349248e-02 1.154280e-10
5.378280e-02 1.178760e-10
5.407470e-02 1.203760e-10
5.436817e-02 1.229290e-10
5.466324e-02 1.255370e-10
5.495992e-02 1.281990e-10
5.525820e-02 1.309180e-10
5.555810e-02 1.336950e-10
5.585963e-02 1.365300e-10
5.616279e-02 1.394260e-10
5.646760e-02 1.423830e-10
5.677407e-02 1.454030e-10
5.708220e-02 1.484870e-10
5.739200e-02 1.516360e-10
5.770348e-02 1.548530e-10
5.801665e-02 1.581370e-10
5.833152e-02 1.614910e-10
5.864811e-02 1.649160e-10
5.896640e-02 1.684140e-10
5.928643e-02 1.719860e-10
5.960819e-02 1.756330e-10
5.993170e-02 1.793590e-10
6.025697e-02 1.831630e-10
6.058400e-02 1.870470e-10
6.091281e-02 1.910150e-10
6.124340e-02 1.950660e-10
6.157578e-02 1.992030e-10
6.190997e-02 2.034280e-10
6.224597e-02 2.077430e-10
6.258380e-02 2.121490e-10
6.292346e-02 2.166480e-10
6.326496e-02 2.212430e-10
6.360831e-02 2.259360e-10
6.395353e-02 2.307280e-10
6.430063e-02 2.356210e-10
6.464960e-02 2.406190e-10
6.500048e-02 2.457220e-10
6.535325e-02 2.509340e-10
6.570794e-02 2.562560e-10
6.606455e-02 2.616910e-10
6.642311e-02 2.672410e-10
6.678360e-02 2.729090e-10
6.714605e-02 2.786970e-10
6.751047e-02 2.846080e-10
6.787687e-02 2.906450e-10
6.824526e-02 2.968090e-10
6.861564e-02 3.031040e-10
6.898804e-02 3.095330e-10
6.936246e-02 3.160980e-10
6.973890e-02 3.228020e-10
7.011740e-02 3.296490e-10
7.049794e-02 3.366400e-10
7.088055e-02 3.437800e-10
7.126524e-02 3.510720e-10
7.165202e-02 3.585180e-10
7.204089e-02 3.661220e-10
7.243188e-02 3.738870e-10
7.282498e-02 3.818170e-10
7.322023e-02 3.899150e-10
7.361761e-02 3.981850e-10
7.401715e-02 4.066300e-10
7.441886e-02 4.152540e-10
7.482276e-02 4.240620e-10
7.522884e-02 4.330560e-10
7.563713e-02 4.422410e-10
7.604763e-02 4.516200e-10
7.646036e-02 4.611990e-10
7.687533e-02 4.709810e-10
7.729255e-02 4.809700e-10
7.771204e-02 4.911710e-10
7.813381e-02 5.015880e-10
7.855786e-02 5.122270e-10
7.898421e-02 5.230910e-10
7.941288e-02 5.341850e-10
7.984388e-02 5.455150e-10
8.027721e-02 5.570850e-10
8.071290e-02 5.689000e-10
8.115095e-02 5.809670e-10
8.159138e-02 5.932880e-10
8.203420e-02 6.068300e-10
8.247942e-02 6.210710e-10
8.292706e-02 6.356470e-10
8.337712e-02 6.505640e-10
8.382963e-02 6.658310e-10
8.428460e-02 6.814570e-10
8.474203e-02 6.974490e-10
8.520195e-02 7.138170e-10
8.566437e-02 7.305690e-10
8.612929e-02 7.477140e-10
8.659674e-02 7.652610e-10
8.706672e-02 7.832210e-10
8.753926e-02 8.016010e-10
8.801436e-02 8.204130e-10
8.849203e-02 8.396670e-10
8.897230e-02 8.593720e-10
8.945518e-02 8.795400e-10
8.994068e-02 9.001810e-10
9.042881e-02 9.213060e-10
9.091959e-02 9.429270e-10
9.141304e-02 9.650560e-10
9.190916e-02 9.877040e-10
9.240798e-02 1.010880e-09
9.290950e-02 1.034610e-09
9.341374e-02 1.058890e-09
9.392072e-02 1.083740e-09
9.443046e-02 1.109170e-09
9.494296e-02 1.135200e-09
9.545824e-02 1.161840e-09
9.597632e-02 1.189110e-09
9.649721e-02 1.217010e-09
9.702092e-02 1.245570e-09
9.754748e-02 1.274800e-09
9.807690e-02 1.304720e-09
9.860919e-02 1.335340e-09
9.914437e-02 1.366680e-09
9.968245e-02 1.398750e-09
1.002235e-01 1.431580e-09
1.007674e-01 1.465170e-09
1.013143e-01 1.499560e-09
1.018641e-01 1.534750e-09
1.024170e-01 1.570770e-09
1.029728e-01 1.607630e-09
1.035317e-01 1.645360e-09
1.040936e-01 1.683970e-09
1.046585e-01 1.723490e-09
1.052265e-01 1.763940e-09
1.057976e-01 1.805330e-09
1.063718e-01 1.847700e-09
1.069491e-01 1.891060e-09
1.075296e-01 1.935440e-09
1.081132e-01 1.980860e-09
1.086999e-01 2.027350e-09
1.092899e-01 2.074930e-09
1.098830e-01 2.123620e-09
1.104794e-01 2.173460e-09
1.110790e-01 2.224470e-09
1.116818e-01 2.276670e-09
1.122880e-01 2.330100e-09
1.128974e-01 2.384780e-09
1.135101e-01 2.440750e-09
1.141262e-01 2.498030e-09
1.147456e-01 2.556650e-09
1.153683e-01 2.616650e-09
1.159944e-01 2.678060e-09
1.166240e-01 2.740910e-09
1.172569e-01 2.805230e-09
1.178933e-01 2.871060e-09
1.185332e-01 2.938440e-09
1.191765e-01 3.007400e-09
1.198233e-01 3.077980e-09
1.204736e-01 3.150210e-09
1.211274e-01 3.224140e-09
1.217848e-01 3.299800e-09
1.224458e-01 3.377240e-09
1.231103e-01 3.456500e-09
1.237785e-01 3.537620e-09
1.244502e-01 3.620640e-09
1.251257e-01 3.705610e-09
1.258048e-01 3.792570e-09
1.264875e-01 3.881570e-09
1.271740e-01 3.972670e-09
1.278642e-01 4.065900e-09
1.285582e-01 4.161320e-09
1.292559e-01 4.258970e-09
1.299574e-01 4.358920e-09
1.306627e-01 4.461220e-09
1.313719e-01 4.565910e-09
1.320849e-01 4.673070e-09
1.328017e-01 4.782730e-09
1.335225e-01 4.894980e-09
1.342471e-01 5.009850e-09
1.349757e-01 5.127420e-09
1.357083e-01 5.247750e-09
1.364448e-01 5.370910e-09
1.371853e-01 5.496950e-09
1.379299e-01 5.625950e-09
1.386784e-01 5.757980e-09
1.394311e-01 5.893110e-09
1.401878e-01 6.031410e-09
1.409487e-01 6.172950e-09
1.417136e-01 6.317820e-09
1.424827e-01 6.466090e-09
1.432560e-01 6.617830e-09
1.440335e-01 6.773140e-09
1.448152e-01 6.932090e-09
1.456012e-01 7.094770e-09
1.463914e-01 7.261270e-09
1.471859e-01 7.431680e-09
1.479847e-01 7.606090e-09
1.487879e-01 7.784590e-09
1.495954e-01 7.967280e-09
1.504073e-01 8.154250e-09
1.512236e-01 8.345620e-09
1.520443e-01 8.541470e-09
1.528695e-01 8.741920e-09
1.536992e-01 8.947080e-09
1.545333e-01 9.157050e-09
1.553720e-01 9.371940e-09
1.562153e-01 9.591890e-09
1.570631e-01 9.816990e-09
1.579155e-01 1.004740e-08
1.587726e-01 1.028320e-08
1.596343e-01 1.052450e-08
1.605007e-01 1.077150e-08
1.613717e-01 1.102430e-08
1.622475e-01 1.128300e-08
1.631281e-01 1.154780e-08
1.640134e-01 1.181880e-08
1.649036e-01 1.209610e-08
1.657986e-01 1.238000e-08
1.666984e-01 1.267050e-08
1.676031e-01 1.296790e-08
1.685127e-01 1.327220e-08
1.694273e-01 1.358370e-08
1.703468e-01 1.390250e-08
1.712714e-01 1.422870e-08
1.722009e-01 1.456270e-08
1.731355e-01 1.490440e-08
1.740751e-01 1.525420e-08
1.750199e-01 1.561220e-08
1.759698e-01 1.597860e-08
1.769248e-01 1.635350e-08
1.778850e-01 1.673730e-08
1.788504e-01 1.713010e-08
1.798211e-01 1.753210e-08
1.807970e-01 1.794360e-08
1.817783e-01 1.836470e-08
1.827648e-01 1.879570e-08
1.837568e-01 1.923680e-08
1.847541e-01 1.968820e-08
1.857568e-01 2.015020e-08
1.867649e-01 2.062310e-08
1.877785e-01 2.110710e-08
1.887977e-01 2.160250e-08
1.898223e-01 2.210940e-08
1.908525e-01 2.262830e-08
1.918883e-01 2.315930e-08
1.929298e-01 2.370280e-08
1.939769e-01 2.425910e-08
1.950296e-01 2.482840e-08
1.960881e-01 2.541110e-08
1.971523e-01 2.600740e-08
1.982223e-01 2.661780e-08
1.992981e-01 2.724240e-08
2.003798e-01 2.788170e-08
2.014673e-01 2.853610e-08
2.025607e-01 2.920580e-08
2.036601e-01 2.989120e-08
2.047654e-01 3.059260e-08
2.058767e-01 3.131060e-08
2.069940e-01 3.205470e-08
2.081175e-01 3.287950e-08
2.092470e-01 3.372560e-08
2.103826e-01 3.459340e-08
2.115244e-01 3.548350e-08
2.126724e-01 3.639660e-08
2.138266e-01 3.733310e-08
2.149871e-01 3.829380e-08
2.161539e-01 3.927910e-08
2.173271e-01 4.028980e-08
2.185065e-01 4.132660e-08
2.196924e-01 4.239000e-08
2.208848e-01 4.348070e-08
2.220836e-01 4.459950e-08
2.232889e-01 4.574720e-08
2.245007e-01 4.692430e-08
2.257192e-01 4.813170e-08
2.269442e-01 4.937020e-08
2.281759e-01 5.064060e-08
2.294142e-01 5.194370e-08
2.306593e-01 5.328030e-08
2.319112e-01 5.465120e-08
2.331698e-01 5.605750e-08
2.344353e-01 5.750000e-08
2.357077e-01 5.897950e-08
2.369869e-01 6.049720e-08
2.382731e-01 6.205380e-08
2.395663e-01 6.365060e-08
2.408665e-01 6.528840e-08
2.421737e-01 6.696840e-08
2.434881e-01 6.869160e-08
2.448095e-01 7.045910e-08
2.461382e-01 7.227210e-08
2.474740e-01 7.413180e-08
2.488171e-01 7.603930e-08
2.501675e-01 7.799600e-08
2.515253e-01 8.000290e-08
2.528904e-01 8.206150e-08
2.542629e-01 8.417310e-08
2.556428e-01 8.633900e-08
2.570303e-01 8.856060e-08
2.584252e-01 9.083940e-08
2.598278e-01 9.317690e-08
2.612379e-01 9.557440e-08
2.626557e-01 9.803370e-08
2.640812e-01 1.005560e-07
2.655145e-01 1.031440e-07
2.669555e-01 1.057980e-07
2.684043e-01 1.085200e-07
2.698610e-01 1.113130e-07
2.713257e-01 1.141770e-07
2.727982e-01 1.171150e-07
2.742788e-01 1.201280e-07
2.757673e-01 1.232190e-07
2.772640e-01 1.263900e-07
2.787688e-01 1.296420e-07
2.802818e-01 1.329780e-07
2.818029e-01 1.364000e-07
2.833323e-01 1.399100e-07
2.848701e-01 1.435100e-07
2.864161e-01 1.472020e-07
2.879706e-01 1.509900e-07
2.895335e-01 1.548750e-07
2.911049e-01 1.588610e-07
2.926848e-01 1.629480e-07
2.942732e-01 1.671410e-07
2.958703e-01 1.714420e-07
2.974761e-01 1.758530e-07
2.990906e-01 1.803780e-07
3.007138e-01 1.850200e-07
3.023459e-01 1.897810e-07
3.039868e-01 1.946640e-07
3.056366e-01 1.996730e-07
3.072954e-01 2.048110e-07
3.089632e-01 2.100810e-07
3.106400e-01 2.154870e-07
3.123259e-01 2.210320e-07
3.140210e-01 2.267190e-07
3.157253e-01 2.325530e-07
3.174388e-01 2.385370e-07
3.191616e-01 2.446750e-07
3.208938e-01 2.509710e-07
3.226354e-01 2.574280e-07
3.243864e-01 2.640520e-07
3.261469e-01 2.708470e-07
3.279170e-01 2.778160e-07
3.296967e-01 2.849650e-07
3.314861e-01 2.922970e-07
3.332851e-01 2.998190e-07
3.350940e-01 3.075340e-07
3.369126e-01 3.154470e-07
3.387411e-01 3.235640e-07
3.405796e-01 3.318900e-07
3.424280e-01 3.404300e-07
3.442864e-01 3.491890e-07
3.461550e-01 3.581750e-07
3.480336e-01 3.673910e-07
3.499225e-01 3.768450e-07
3.518216e-01 3.865410e-07
3.537311e-01 3.964880e-07
3.556509e-01 4.066900e-07
3.575811e-01 4.171550e-07
3.595218e-01 4.278890e-07
3.614730e-01 4.388990e-07
3.634348e-01 4.501920e-07
3.654073e-01 4.617770e-07
3.673904e-01 4.736590e-07
3.693844e-01 4.858470e-07
3.713891e-01 4.983480e-07
3.734047e-01 5.111720e-07
3.754313e-01 5.243250e-07
3.774689e-01 5.378170e-07
3.795175e-01 5.516550e-07
3.815772e-01 5.658500e-07
3.836482e-01 5.804110e-07
3.857303e-01 5.953450e-07
3.878238e-01 6.106650e-07
3.899286e-01 6.263780e-07
3.920449e-01 6.429890e-07
3.941726e-01 6.609920e-07
3.963119e-01 6.795000e-07
3.984628e-01 6.985260e-07
4.006253e-01 7.180850e-07
4.027996e-01 7.381920e-07
4.049857e-01 7.588610e-07
4.071837e-01 7.801090e-07
4.093936e-01 8.019520e-07
4.116155e-01 8.244070e-07
4.138494e-01 8.474910e-07
4.160955e-01 8.712210e-07
4.183538e-01 8.956150e-07
4.206243e-01 9.206920e-07
4.229071e-01 9.464720e-07
4.252024e-01 9.729730e-07
4.275100e-01 1.000220e-06
4.298303e-01 1.028220e-06
4.321631e-01 1.057010e-06
4.345085e-01 1.086610e-06
4.368667e-01 1.117030e-06
4.392377e-01 1.148310e-06
4.416216e-01 1.180460e-06
4.440184e-01 1.213520e-06
4.464282e-01 1.247500e-06
4.488511e-01 1.282430e-06
4.512871e-01 1.318330e-06
4.537364e-01 1.355250e-06
4.561989e-01 1.393200e-06
4.586748e-01 1.432200e-06
4.611642e-01 1.472310e-06
4.636670e-01 1.513530e-06
4.661835e-01 1.555910e-06
4.687136e-01 1.599480e-06
4.712574e-01 1.644260e-06
4.738151e-01 1.690300e-06
4.763866e-01 1.737630e-06
4.789721e-01 1.786280e-06
4.815716e-01 1.836300e-06
4.841852e-01 1.887720e-06
4.868130e-01 1.940570e-06
4.894551e-01 1.994910e-06
4.921115e-01 2.050770e-06
4.947823e-01 2.108190e-06
4.974676e-01 2.167220e-06
5.001675e-01 2.227900e-06
5.028821e-01 2.290280e-06
5.056113e-01 2.354410e-06
5.083554e-01 2.420330e-06
5.111144e-01 2.488100e-06
5.138884e-01 2.557770e-06
5.166774e-01 2.629390e-06
5.194815e-01 2.703010e-06
5.223009e-01 2.778700e-06
5.251356e-01 2.856500e-06
5.279856e-01 2.936480e-06
5.308511e-01 3.018700e-06
5.337322e-01 3.103230e-06
5.366289e-01 3.190120e-06
5.395413e-01 3.279440e-06
5.424696e-01 3.371270e-06
5.454137e-01 3.465660e-06
5.483738e-01 3.562700e-06
5.513500e-01 3.662460e-06
5.543423e-01 3.765010e-06
5.573509e-01 3.875650e-06
5.603758e-01 3.992980e-06
5.634171e-01 4.113860e-06
5.664749e-01 4.238400e-06
5.695493e-01 4.366710e-06
5.726404e-01 4.498910e-06
5.757483e-01 4.635110e-06
5.788730e-01 4.775430e-06
5.820147e-01 4.920000e-06
5.851735e-01 5.068950e-06
5.883494e-01 5.222400e-06
5.915425e-01 5.380510e-06
5.947530e-01 5.543390e-06
5.979808e-01 5.711210e-06
6.012262e-01 5.884110e-06
6.044893e-01 6.062250e-06
6.077700e-01 6.245770e-06
6.110685e-01 6.434860e-06
6.143850e-01 6.629660e-06
6.177194e-01 6.830370e-06
6.210719e-01 7.037150e-06
6.244426e-01 7.250190e-06
6.278317e-01 7.469680e-06
6.312391e-01 7.695810e-06
6.346650e-01 7.928790e-06
6.381095e-01 8.168830e-06
6.415727e-01 8.416130e-06
6.450547e-01 8.670920e-06
6.485555e-01 8.933420e-06
6.520754e-01 9.203870e-06
6.556144e-01 9.482500e-06
6.591726e-01 9.769570e-06
6.627501e-01 1.006530e-05
6.663470e-01 1.037000e-05
6.699635e-01 1.070300e-05
6.735996e-01 1.105140e-05
6.772554e-01 1.141110e-05
6.809310e-01 1.178260e-05
6.846266e-01 1.216620e-05
6.883423e-01 1.256220e-05
6.920781e-01 1.297110e-05
6.958342e-01 1.339340e-05
6.996107e-01 1.382930e-05
7.034076e-01 1.427950e-05
7.072252e-01 1.474440e-05
7.110635e-01 1.522430e-05
7.149227e-01 1.571990e-05
7.188027e-01 1.623160e-05
7.227039e-01 1.676000e-05
7.266262e-01 1.730560e-05
7.305698e-01 1.786890e-05
7.345348e-01 1.845060e-05
7.385213e-01 1.905400e-05
7.425294e-01 1.971770e-05
7.465594e-01 2.040460e-05
7.506111e-01 2.111540e-05
7.546849e-01 2.185100e-05
7.587808e-01 2.261220e-05
7.628989e-01 2.339990e-05
7.670393e-01 2.421510e-05
7.712023e-01 2.505860e-05
7.753878e-01 2.593160e-05
7.795960e-01 2.683490e-05
7.838271e-01 2.776970e-05
7.880812e-01 2.877590e-05
7.923583e-01 2.984420e-05
7.966586e-01 3.095210e-05
8.009823e-01 3.210120e-05
8.053295e-01 3.329300e-05
8.097002e-01 3.452890e-05
8.140947e-01 3.581080e-05
8.185130e-01 3.714030e-05
8.229553e-01 3.860120e-05
8.274217e-01 4.012280e-05
8.319123e-01 4.170440e-05
8.364273e-01 4.334830e-05
8.409668e-01 4.505700e-05
8.455310e-01 4.688600e-05
8.501199e-01 4.884190e-05
8.547337e-01 5.087950e-05
8.593726e-01 5.300210e-05
8.640367e-01 5.526530e-05
8.687260e-01 5.769810e-05
8.734408e-01 6.023800e-05
8.781812e-01 6.292520e-05
8.829474e-01 6.584060e-05
8.877394e-01 6.889100e-05
8.925574e-01 7.219740e-05
8.974015e-01 7.570940e-05
9.022719e-01 7.950590e-05
9.071688e-01 8.355780e-05
9.120923e-01 8.799520e-05
9.170424e-01 9.277910e-05
9.220195e-01 9.793920e-05
9.270235e-01 1.033860e-04
9.320547e-01 1.091360e-04
9.371132e-01 1.152060e-04
9.421992e-01 1.216140e-04
9.473128e-01 1.283780e-04
9.524541e-01 1.355180e-04
9.576233e-01 1.430550e-04
9.628206e-01 1.510110e-04
9.680461e-01 1.594100e-04
9.732999e-01 1.682760e-04
9.785823e-01 1.776350e-04
9.838933e-01 1.875150e-04
9.892332e-01 1.979440e-04
9.946020e-01 2.089530e-04
1.000000e+00 2.205750e-04
