# f [Hz]    h2 Omge_gw
1.000000e-05 6.038810e-07
1.005776e-05 5.700840e-07
1.011585e-05 5.381790e-07
1.017428e-05 5.080590e-07
1.023305e-05 4.796250e-07
1.029215e-05 4.527820e-07
1.035160e-05 4.274410e-07
1.041139e-05 4.035190e-07
1.047153e-05 3.809360e-07
1.053201e-05 3.596160e-07
1.059284e-05 3.394900e-07
1.065403e-05 3.204900e-07
1.071556e-05 3.025530e-07
1.077746e-05 2.856200e-07
1.083971e-05 2.697680e-07
1.090232e-05 2.554220e-07
1.096529e-05 2.423520e-07
1.102862e-05 2.304070e-07
1.109232e-05 2.195050e-07
1.115639e-05 2.093650e-07
1.122083e-05 1.999840e-07
1.128564e-05 1.912900e-07
1.135083e-05 1.831500e-07
1.141639e-05 1.755310e-07
1.148233e-05 1.684570e-07
1.154865e-05 1.616670e-07
1.161536e-05 1.554230e-07
1.168245e-05 1.495100e-07
1.174992e-05 1.438220e-07
1.181779e-05 1.384610e-07
1.188605e-05 1.335060e-07
1.195470e-05 1.287290e-07
1.202375e-05 1.241230e-07
1.209320e-05 1.196820e-07
1.216305e-05 1.156370e-07
1.223330e-05 1.117620e-07
1.230396e-05 1.080160e-07
1.237503e-05 1.043970e-07
1.244651e-05 1.008980e-07
1.251840e-05 9.751680e-08
1.259070e-05 9.441740e-08
1.266343e-05 9.146810e-08
1.273657e-05 8.861100e-08
1.281014e-05 8.584300e-08
1.288413e-05 8.316160e-08
1.295855e-05 8.056390e-08
1.303339e-05 7.804730e-08
1.310867e-05 7.560930e-08
1.318439e-05 7.324750e-08
1.326054e-05 7.110920e-08
1.333713e-05 6.905010e-08
1.341417e-05 6.705060e-08
1.349165e-05 6.510910e-08
1.356958e-05 6.322370e-08
1.364795e-05 6.139290e-08
1.372678e-05 5.961520e-08
1.380607e-05 5.788890e-08
1.388581e-05 5.621260e-08
1.396602e-05 5.458490e-08
1.404668e-05 5.300430e-08
1.412782e-05 5.146950e-08
1.420942e-05 4.997910e-08
1.429149e-05 4.853180e-08
1.437404e-05 4.723370e-08
1.445706e-05 4.597390e-08
1.454057e-05 4.474770e-08
1.462455e-05 4.355420e-08
1.470902e-05 4.239260e-08
1.479398e-05 4.126190e-08
1.487943e-05 4.016140e-08
1.496537e-05 3.909020e-08
1.505181e-05 3.804760e-08
1.513875e-05 3.703280e-08
1.522619e-05 3.604510e-08
1.531414e-05 3.508370e-08
1.540259e-05 3.414800e-08
1.549156e-05 3.323720e-08
1.558103e-05 3.235070e-08
1.567103e-05 3.148790e-08
1.576155e-05 3.064810e-08
1.585258e-05 2.983060e-08
1.594415e-05 2.903500e-08
1.603624e-05 2.826060e-08
1.612886e-05 2.750680e-08
1.622202e-05 2.677320e-08
1.631572e-05 2.605910e-08
1.640996e-05 2.536410e-08
1.650474e-05 2.471790e-08
1.660008e-05 2.411520e-08
1.669596e-05 2.352730e-08
1.679239e-05 2.295370e-08
1.688938e-05 2.239400e-08
1.698694e-05 2.184800e-08
1.708505e-05 2.131540e-08
1.718373e-05 2.079570e-08
1.728299e-05 2.028870e-08
1.738281e-05 1.979400e-08
1.748322e-05 1.931140e-08
1.758420e-05 1.884060e-08
1.768576e-05 1.838130e-08
1.778792e-05 1.793310e-08
1.789066e-05 1.749590e-08
1.799399e-05 1.706930e-08
1.809793e-05 1.665320e-08
1.820246e-05 1.624710e-08
1.830760e-05 1.585100e-08
1.841334e-05 1.546460e-08
1.851969e-05 1.508750e-08
1.862666e-05 1.471970e-08
1.873425e-05 1.436080e-08
1.884246e-05 1.401070e-08
1.895129e-05 1.366910e-08
1.906075e-05 1.333580e-08
1.917085e-05 1.301070e-08
1.928158e-05 1.269350e-08
1.939295e-05 1.238400e-08
1.950496e-05 1.208210e-08
1.961762e-05 1.178750e-08
1.973093e-05 1.150010e-08
1.984490e-05 1.121970e-08
1.995952e-05 1.094620e-08
2.007480e-05 1.067930e-08
2.019076e-05 1.041890e-08
2.030738e-05 1.016490e-08
2.042467e-05 9.917080e-09
2.054264e-05 9.675300e-09
2.066130e-05 9.439410e-09
2.078064e-05 9.209270e-09
2.090066e-05 8.984740e-09
2.102139e-05 8.765680e-09
2.114280e-05 8.551970e-09
2.126492e-05 8.343470e-09
2.138775e-05 8.140040e-09
2.151128e-05 7.941580e-09
2.163553e-05 7.747960e-09
2.176050e-05 7.560910e-09
2.188619e-05 7.393930e-09
2.201260e-05 7.230640e-09
2.213974e-05 7.070950e-09
2.226762e-05 6.914790e-09
2.239624e-05 6.762080e-09
2.252560e-05 6.612740e-09
2.265571e-05 6.466700e-09
2.278656e-05 6.323890e-09
2.291818e-05 6.184230e-09
2.305055e-05 6.047650e-09
2.318369e-05 5.914090e-09
2.331760e-05 5.783480e-09
2.345228e-05 5.655760e-09
2.358774e-05 5.530850e-09
2.372398e-05 5.408700e-09
2.386101e-05 5.289250e-09
2.399883e-05 5.172440e-09
2.413745e-05 5.058210e-09
2.427686e-05 4.946500e-09
2.441709e-05 4.837260e-09
2.455812e-05 4.730430e-09
2.469997e-05 4.625960e-09
2.484263e-05 4.523800e-09
2.498612e-05 4.423890e-09
2.513044e-05 4.326190e-09
2.527559e-05 4.230650e-09
2.542158e-05 4.137220e-09
2.556842e-05 4.045850e-09
2.571610e-05 3.956500e-09
2.586463e-05 3.869120e-09
2.601403e-05 3.783670e-09
2.616428e-05 3.700110e-09
2.631541e-05 3.618400e-09
2.646740e-05 3.538480e-09
2.662028e-05 3.460340e-09
2.677404e-05 3.383920e-09
2.692868e-05 3.309190e-09
2.708422e-05 3.236100e-09
2.724066e-05 3.164640e-09
2.739800e-05 3.094750e-09
2.755625e-05 3.026400e-09
2.771541e-05 2.959560e-09
2.787550e-05 2.894200e-09
2.803650e-05 2.830280e-09
2.819844e-05 2.767780e-09
2.836131e-05 2.706650e-09
2.852513e-05 2.646880e-09
2.868989e-05 2.588420e-09
2.885560e-05 2.531260e-09
2.902227e-05 2.475360e-09
2.918990e-05 2.420690e-09
2.935850e-05 2.367230e-09
2.952807e-05 2.314950e-09
2.969863e-05 2.263820e-09
2.987016e-05 2.213830e-09
3.004269e-05 2.164940e-09
3.021622e-05 2.117130e-09
3.039075e-05 2.070370e-09
3.056628e-05 2.024650e-09
3.074283e-05 1.979930e-09
3.092040e-05 1.936210e-09
3.109900e-05 1.893450e-09
3.127862e-05 1.851630e-09
3.145929e-05 1.810740e-09
3.164099e-05 1.770750e-09
3.182375e-05 1.731640e-09
3.200756e-05 1.693400e-09
3.219244e-05 1.656000e-09
3.237838e-05 1.619430e-09
3.256540e-05 1.583660e-09
3.275349e-05 1.548690e-09
3.294268e-05 1.514490e-09
3.313295e-05 1.481040e-09
3.332433e-05 1.448330e-09
3.351681e-05 1.416350e-09
3.371040e-05 1.385070e-09
3.390511e-05 1.354480e-09
3.410094e-05 1.324570e-09
3.429791e-05 1.295310e-09
3.449601e-05 1.266710e-09
3.469526e-05 1.238730e-09
3.489566e-05 1.211370e-09
3.509721e-05 1.184620e-09
3.529993e-05 1.158460e-09
3.550382e-05 1.132880e-09
3.570889e-05 1.107860e-09
3.591515e-05 1.083390e-09
3.612259e-05 1.059460e-09
3.633123e-05 1.036070e-09
3.654108e-05 1.013180e-09
3.675214e-05 9.908090e-10
3.696442e-05 9.689270e-10
3.717792e-05 9.475290e-10
3.739266e-05 9.266030e-10
3.760864e-05 9.061390e-10
3.782587e-05 8.861280e-10
3.804435e-05 8.665580e-10
3.826409e-05 8.485020e-10
3.848510e-05 8.317160e-10
3.870739e-05 8.152620e-10
3.893096e-05 7.991340e-10
3.915583e-05 7.833240e-10
3.938199e-05 7.678280e-10
3.960946e-05 7.526380e-10
3.983824e-05 7.377480e-10
4.006834e-05 7.231530e-10
4.029978e-05 7.088470e-10
4.053255e-05 6.948240e-10
4.076666e-05 6.810780e-10
4.100213e-05 6.676040e-10
4.123896e-05 6.543970e-10
4.147715e-05 6.414510e-10
4.171672e-05 6.287610e-10
4.195767e-05 6.163220e-10
4.220002e-05 6.041300e-10
4.244377e-05 5.921780e-10
4.268892e-05 5.804630e-10
4.293549e-05 5.689800e-10
4.318348e-05 5.577230e-10
4.343291e-05 5.466900e-10
4.368377e-05 5.358750e-10
4.393609e-05 5.252730e-10
4.418986e-05 5.148820e-10
4.444510e-05 5.046960e-10
4.470182e-05 4.947110e-10
4.496001e-05 4.849250e-10
4.521970e-05 4.753310e-10
4.548089e-05 4.659280e-10
4.574358e-05 4.567100e-10
4.600779e-05 4.476750e-10
4.627353e-05 4.388190e-10
4.654081e-05 4.301380e-10
4.680963e-05 4.216280e-10
4.708000e-05 4.132870e-10
4.735193e-05 4.051110e-10
4.762543e-05 3.970970e-10
4.790051e-05 3.892410e-10
4.817719e-05 3.815400e-10
4.845545e-05 3.739920e-10
4.873533e-05 3.665940e-10
4.901682e-05 3.593410e-10
4.929994e-05 3.522320e-10
4.958470e-05 3.452640e-10
4.987110e-05 3.384340e-10
5.015915e-05 3.317380e-10
5.044887e-05 3.251760e-10
5.074026e-05 3.187430e-10
5.103333e-05 3.124370e-10
5.132810e-05 3.062560e-10
5.162457e-05 3.001970e-10
5.192275e-05 2.942580e-10
5.222265e-05 2.884370e-10
5.252429e-05 2.827310e-10
5.282767e-05 2.771380e-10
5.313280e-05 2.716550e-10
5.343969e-05 2.662810e-10
5.374836e-05 2.610130e-10
5.405880e-05 2.558490e-10
5.437105e-05 2.507880e-10
5.468509e-05 2.458270e-10
5.500095e-05 2.409630e-10
5.531863e-05 2.361960e-10
5.563815e-05 2.315240e-10
5.595951e-05 2.269430e-10
5.628273e-05 2.224540e-10
5.660782e-05 2.180530e-10
5.693479e-05 2.137390e-10
5.726364e-05 2.095110e-10
5.759439e-05 2.053660e-10
5.792705e-05 2.013030e-10
5.826164e-05 1.973210e-10
5.859815e-05 1.934170e-10
5.893662e-05 1.895910e-10
5.927703e-05 1.858400e-10
5.961941e-05 1.821640e-10
5.996377e-05 1.785600e-10
6.031012e-05 1.750270e-10
6.065847e-05 1.715650e-10
6.100883e-05 1.681710e-10
6.136121e-05 1.648440e-10
6.171563e-05 1.615830e-10
6.207210e-05 1.583860e-10
6.243063e-05 1.552530e-10
6.279122e-05 1.521810e-10
6.315390e-05 1.491710e-10
6.351868e-05 1.462200e-10
6.388556e-05 1.433270e-10
6.425456e-05 1.404920e-10
6.462569e-05 1.377120e-10
6.499897e-05 1.349880e-10
6.537440e-05 1.323170e-10
6.575200e-05 1.297000e-10
6.613178e-05 1.271340e-10
6.651375e-05 1.246190e-10
6.689793e-05 1.221530e-10
6.728433e-05 1.197370e-10
6.767297e-05 1.173680e-10
6.806384e-05 1.150460e-10
6.845698e-05 1.127700e-10
6.885238e-05 1.105390e-10
6.925007e-05 1.083520e-10
6.965005e-05 1.062090e-10
7.005235e-05 1.041080e-10
7.045697e-05 1.020480e-10
7.086393e-05 1.000290e-10
7.127323e-05 9.805040e-11
7.168490e-05 9.611070e-11
7.209895e-05 9.420930e-11
7.251539e-05 9.234560e-11
7.293424e-05 9.051870e-11
7.335551e-05 8.872800e-11
7.377920e-05 8.697260e-11
7.420535e-05 8.525210e-11
7.463396e-05 8.356550e-11
7.506504e-05 8.191230e-11
7.549861e-05 8.029180e-11
7.593469e-05 7.870340e-11
7.637328e-05 7.714640e-11
7.681441e-05 7.562020e-11
7.725809e-05 7.412420e-11
7.770433e-05 7.265780e-11
7.815315e-05 7.122040e-11
7.860456e-05 6.981150e-11
7.905857e-05 6.843040e-11
7.951521e-05 6.707660e-11
7.997449e-05 6.574960e-11
8.043642e-05 6.444890e-11
8.090102e-05 6.317390e-11
8.136830e-05 6.192410e-11
8.183828e-05 6.069910e-11
8.231097e-05 5.949830e-11
8.278640e-05 5.832120e-11
8.326457e-05 5.716740e-11
8.374550e-05 5.603650e-11
8.422921e-05 5.492790e-11
8.471572e-05 5.384130e-11
8.520503e-05 5.277610e-11
8.569717e-05 5.173200e-11
8.619215e-05 5.070860e-11
8.669000e-05 4.970550e-11
8.719071e-05 4.872210e-11
8.769432e-05 4.775830e-11
8.820084e-05 4.681340e-11
8.871029e-05 4.588730e-11
8.922267e-05 4.497950e-11
8.973802e-05 4.408970e-11
9.025634e-05 4.321750e-11
9.077766e-05 4.237280e-11
9.130199e-05 4.163230e-11
9.182935e-05 4.090470e-11
9.235975e-05 4.018980e-11
9.289321e-05 3.948750e-11
9.342976e-05 3.879740e-11
9.396941e-05 3.811930e-11
9.451217e-05 3.745320e-11
9.505807e-05 3.679860e-11
9.560712e-05 3.615550e-11
9.615934e-05 3.552370e-11
9.671476e-05 3.490290e-11
9.727338e-05 3.429290e-11
9.783522e-05 3.369360e-11
9.840032e-05 3.310480e-11
9.896867e-05 3.252620e-11
9.954031e-05 3.195780e-11
1.001153e-04 3.139930e-11
1.006935e-04 3.085050e-11
1.012751e-04 3.031140e-11
1.018601e-04 2.978170e-11
1.024484e-04 2.926120e-11
1.030402e-04 2.874980e-11
1.036353e-04 2.824740e-11
1.042339e-04 2.775370e-11
1.048360e-04 2.726870e-11
1.054415e-04 2.679220e-11
1.060505e-04 2.632390e-11
1.066631e-04 2.586390e-11
1.072791e-04 2.541190e-11
1.078988e-04 2.496780e-11
1.085220e-04 2.453140e-11
1.091488e-04 2.410270e-11
1.097793e-04 2.368150e-11
1.104133e-04 2.326770e-11
1.110511e-04 2.286100e-11
1.116925e-04 2.246150e-11
1.123376e-04 2.206900e-11
1.129865e-04 2.168330e-11
1.136391e-04 2.130430e-11
1.142955e-04 2.093200e-11
1.149556e-04 2.056620e-11
1.156196e-04 2.020680e-11
1.162874e-04 1.985370e-11
1.169591e-04 1.950670e-11
1.176347e-04 1.916580e-11
1.183141e-04 1.883080e-11
1.189975e-04 1.850180e-11
1.196848e-04 1.817840e-11
1.203761e-04 1.786070e-11
1.210714e-04 1.754860e-11
1.217707e-04 1.724190e-11
1.224740e-04 1.694060e-11
1.231814e-04 1.664450e-11
1.238929e-04 1.635370e-11
1.246085e-04 1.606790e-11
1.253283e-04 1.578700e-11
1.260522e-04 1.551120e-11
1.267802e-04 1.524010e-11
1.275125e-04 1.497370e-11
1.282490e-04 1.471210e-11
1.289898e-04 1.445490e-11
1.297348e-04 1.420230e-11
1.304842e-04 1.395410e-11
1.312378e-04 1.371030e-11
1.319959e-04 1.347070e-11
1.327583e-04 1.323520e-11
1.335251e-04 1.300390e-11
1.342963e-04 1.277670e-11
1.350720e-04 1.255340e-11
1.358522e-04 1.233400e-11
1.366368e-04 1.211850e-11
1.374260e-04 1.190670e-11
1.382198e-04 1.169860e-11
1.390182e-04 1.149420e-11
1.398211e-04 1.129330e-11
1.406287e-04 1.109590e-11
1.414410e-04 1.090200e-11
1.422579e-04 1.071150e-11
1.430796e-04 1.052430e-11
1.439060e-04 1.034040e-11
1.447372e-04 1.015960e-11
1.455732e-04 9.982100e-12
1.464141e-04 9.807650e-12
1.472597e-04 9.636250e-12
1.481103e-04 9.467850e-12
1.489658e-04 9.302380e-12
1.498262e-04 9.139810e-12
1.506916e-04 8.980090e-12
1.515620e-04 8.823150e-12
1.524374e-04 8.668950e-12
1.533179e-04 8.517450e-12
1.542034e-04 8.368600e-12
1.550941e-04 8.222350e-12
1.559899e-04 8.078660e-12
1.568909e-04 7.937470e-12
1.577971e-04 7.798760e-12
1.587085e-04 7.662460e-12
1.596252e-04 7.528550e-12
1.605472e-04 7.396980e-12
1.614745e-04 7.267710e-12
1.624072e-04 7.140700e-12
1.633453e-04 7.015910e-12
1.642887e-04 6.893300e-12
1.652377e-04 6.772830e-12
1.661921e-04 6.654470e-12
1.671520e-04 6.538170e-12
1.681175e-04 6.423910e-12
1.690885e-04 6.311650e-12
1.700651e-04 6.201340e-12
1.710474e-04 6.092970e-12
1.720354e-04 5.986490e-12
1.730291e-04 5.881870e-12
1.740285e-04 5.779070e-12
1.750337e-04 5.678080e-12
1.760446e-04 5.578850e-12
1.770615e-04 5.481350e-12
1.780842e-04 5.385560e-12
1.791128e-04 5.291440e-12
1.801473e-04 5.198970e-12
1.811878e-04 5.108110e-12
1.822344e-04 5.018840e-12
1.832870e-04 4.931130e-12
1.843456e-04 4.844950e-12
1.854104e-04 4.760280e-12
1.864813e-04 4.677090e-12
1.875584e-04 4.595350e-12
1.886418e-04 4.515040e-12
1.897313e-04 4.436140e-12
1.908272e-04 4.358610e-12
1.919294e-04 4.282440e-12
1.930380e-04 4.207600e-12
1.941530e-04 4.134070e-12
1.952744e-04 4.061820e-12
1.964023e-04 3.990830e-12
1.975367e-04 3.921090e-12
1.986777e-04 3.852560e-12
1.998252e-04 3.785240e-12
2.009794e-04 3.719080e-12
2.021403e-04 3.654090e-12
2.033078e-04 3.590230e-12
2.044821e-04 3.527490e-12
2.056632e-04 3.465840e-12
2.068511e-04 3.405270e-12
2.080459e-04 3.345760e-12
2.092475e-04 3.287290e-12
2.104561e-04 3.229840e-12
2.116717e-04 3.177690e-12
2.128943e-04 3.129500e-12
2.141240e-04 3.082050e-12
2.153608e-04 3.035310e-12
2.166047e-04 2.989290e-12
2.178558e-04 2.943960e-12
2.191141e-04 2.899320e-12
2.203797e-04 2.855350e-12
2.216526e-04 2.812050e-12
2.229329e-04 2.769410e-12
2.242205e-04 2.727420e-12
2.255156e-04 2.686060e-12
2.268182e-04 2.645330e-12
2.281283e-04 2.605220e-12
2.294459e-04 2.565710e-12
2.307712e-04 2.526800e-12
2.321041e-04 2.488490e-12
2.334447e-04 2.450750e-12
2.347931e-04 2.413590e-12
2.361493e-04 2.376990e-12
2.375133e-04 2.340950e-12
2.388851e-04 2.305450e-12
2.402649e-04 2.270490e-12
2.416527e-04 2.236060e-12
2.430484e-04 2.202160e-12
2.444523e-04 2.168760e-12
2.458642e-04 2.135880e-12
2.472843e-04 2.103490e-12
2.487126e-04 2.071590e-12
2.501492e-04 2.040180e-12
2.515940e-04 2.009240e-12
2.530472e-04 1.978770e-12
2.545088e-04 1.948770e-12
2.559789e-04 1.919220e-12
2.574574e-04 1.890120e-12
2.589444e-04 1.861450e-12
2.604401e-04 1.833230e-12
2.619444e-04 1.805430e-12
2.634574e-04 1.778050e-12
2.649791e-04 1.751090e-12
2.665096e-04 1.724540e-12
2.680489e-04 1.698390e-12
2.695972e-04 1.672630e-12
2.711544e-04 1.647270e-12
2.727205e-04 1.622290e-12
2.742958e-04 1.597690e-12
2.758801e-04 1.573460e-12
2.774736e-04 1.549600e-12
2.790762e-04 1.526110e-12
2.806882e-04 1.502960e-12
2.823094e-04 1.480170e-12
2.839400e-04 1.457730e-12
2.855800e-04 1.435620e-12
2.872295e-04 1.413850e-12
2.888886e-04 1.392420e-12
2.905572e-04 1.371300e-12
2.922354e-04 1.350510e-12
2.939234e-04 1.330030e-12
2.956211e-04 1.309860e-12
2.973286e-04 1.290000e-12
2.990459e-04 1.270440e-12
3.007732e-04 1.251170e-12
3.025104e-04 1.232200e-12
3.042577e-04 1.213510e-12
3.060151e-04 1.195110e-12
3.077826e-04 1.176990e-12
3.095604e-04 1.159140e-12
3.113484e-04 1.141570e-12
3.131467e-04 1.124260e-12
3.149554e-04 1.107210e-12
3.167746e-04 1.090420e-12
3.186043e-04 1.073880e-12
3.204445e-04 1.057600e-12
3.222954e-04 1.041560e-12
3.241570e-04 1.025770e-12
3.260293e-04 1.010210e-12
3.279124e-04 9.948960e-13
3.298064e-04 9.798090e-13
3.317114e-04 9.649520e-13
3.336273e-04 9.503190e-13
3.355544e-04 9.359090e-13
3.374925e-04 9.217170e-13
3.394418e-04 9.077400e-13
3.414024e-04 8.939760e-13
3.433744e-04 8.804200e-13
3.453577e-04 8.670690e-13
3.473525e-04 8.539210e-13
3.493588e-04 8.409730e-13
3.513766e-04 8.282200e-13
3.534062e-04 8.156610e-13
3.554474e-04 8.032930e-13
3.575005e-04 7.911120e-13
3.595654e-04 7.791160e-13
3.616422e-04 7.673010e-13
3.637311e-04 7.556660e-13
3.658320e-04 7.442070e-13
3.679450e-04 7.329230e-13
3.700702e-04 7.218090e-13
3.722077e-04 7.108630e-13
3.743576e-04 7.000840e-13
3.765199e-04 6.894680e-13
3.786946e-04 6.790130e-13
3.808820e-04 6.687170e-13
3.830819e-04 6.585770e-13
3.852946e-04 6.485900e-13
3.875200e-04 6.387550e-13
3.897583e-04 6.290690e-13
3.920096e-04 6.195300e-13
3.942738e-04 6.101360e-13
3.965511e-04 6.008840e-13
3.988416e-04 5.917720e-13
4.011452e-04 5.827990e-13
4.034622e-04 5.741650e-13
4.057926e-04 5.667890e-13
4.081365e-04 5.595080e-13
4.104938e-04 5.523210e-13
4.128648e-04 5.452260e-13
4.152495e-04 5.382220e-13
4.176480e-04 5.313080e-13
4.200603e-04 5.244830e-13
4.224866e-04 5.177450e-13
4.249268e-04 5.110950e-13
4.273812e-04 5.045290e-13
4.298497e-04 4.980480e-13
4.323325e-04 4.916500e-13
4.348297e-04 4.853340e-13
4.373412e-04 4.791000e-13
4.398673e-04 4.729450e-13
4.424079e-04 4.668700e-13
4.449633e-04 4.608730e-13
4.475334e-04 4.549520e-13
4.501183e-04 4.491080e-13
4.527182e-04 4.433390e-13
4.553330e-04 4.376440e-13
4.579630e-04 4.320220e-13
4.606082e-04 4.264720e-13
4.632687e-04 4.209940e-13
4.659445e-04 4.155860e-13
4.686358e-04 4.102470e-13
4.713426e-04 4.049770e-13
4.740650e-04 3.997750e-13
4.768032e-04 3.946390e-13
4.795572e-04 3.895700e-13
4.823271e-04 3.845650e-13
4.851130e-04 3.796250e-13
4.879150e-04 3.747490e-13
4.907332e-04 3.699350e-13
4.935676e-04 3.651820e-13
4.964185e-04 3.604910e-13
4.992858e-04 3.558610e-13
5.021696e-04 3.512890e-13
5.050701e-04 3.467770e-13
5.079874e-04 3.423220e-13
5.109215e-04 3.379240e-13
5.138726e-04 3.335830e-13
5.168407e-04 3.292980e-13
5.198259e-04 3.250680e-13
5.228284e-04 3.208920e-13
5.258482e-04 3.167700e-13
5.288855e-04 3.127010e-13
5.319403e-04 3.086840e-13
5.350128e-04 3.047190e-13
5.381030e-04 3.008040e-13
5.412111e-04 2.969400e-13
5.443371e-04 2.931260e-13
5.474812e-04 2.893600e-13
5.506434e-04 2.856430e-13
5.538239e-04 2.819740e-13
5.570228e-04 2.783520e-13
5.602401e-04 2.747760e-13
5.634760e-04 2.712460e-13
5.667306e-04 2.677620e-13
5.700040e-04 2.643220e-13
5.732964e-04 2.609270e-13
5.766077e-04 2.575750e-13
5.799382e-04 2.542660e-13
5.832879e-04 2.510000e-13
5.866569e-04 2.477750e-13
5.900454e-04 2.445930e-13
5.934535e-04 2.414510e-13
5.968813e-04 2.383490e-13
6.003288e-04 2.352870e-13
6.037963e-04 2.322650e-13
6.072838e-04 2.292810e-13
6.107914e-04 2.263360e-13
6.143194e-04 2.234280e-13
6.178676e-04 2.205580e-13
6.214364e-04 2.177250e-13
6.250258e-04 2.149280e-13
6.286359e-04 2.121670e-13
6.322669e-04 2.094410e-13
6.359189e-04 2.067510e-13
6.395919e-04 2.040950e-13
6.432862e-04 2.014730e-13
6.470017e-04 1.988850e-13
6.507388e-04 1.963300e-13
6.544974e-04 1.938080e-13
6.582778e-04 1.913190e-13
6.620800e-04 1.888610e-13
6.659041e-04 1.864350e-13
6.697504e-04 1.840400e-13
6.736188e-04 1.816760e-13
6.775096e-04 1.793420e-13
6.814229e-04 1.770380e-13
6.853587e-04 1.747640e-13
6.893173e-04 1.725190e-13
6.932988e-04 1.703030e-13
6.973033e-04 1.684160e-13
7.013309e-04 1.666440e-13
7.053817e-04 1.648910e-13
7.094560e-04 1.631560e-13
7.135538e-04 1.614390e-13
7.176752e-04 1.597400e-13
7.218205e-04 1.580590e-13
7.259897e-04 1.563960e-13
7.301830e-04 1.547500e-13
7.344005e-04 1.531220e-13
7.386424e-04 1.515110e-13
7.429087e-04 1.499160e-13
7.471998e-04 1.483390e-13
7.515155e-04 1.467780e-13
7.558563e-04 1.452330e-13
7.602221e-04 1.437050e-13
7.646131e-04 1.421930e-13
7.690295e-04 1.406970e-13
7.734713e-04 1.392160e-13
7.779389e-04 1.377510e-13
7.824322e-04 1.363020e-13
7.869515e-04 1.348680e-13
7.914969e-04 1.334480e-13
7.960686e-04 1.320440e-13
8.006666e-04 1.306550e-13
8.052912e-04 1.292800e-13
8.099426e-04 1.279190e-13
8.146208e-04 1.265730e-13
8.193260e-04 1.252420e-13
8.240584e-04 1.239240e-13
8.288181e-04 1.226200e-13
8.336053e-04 1.213290e-13
8.384202e-04 1.200530e-13
8.432629e-04 1.187890e-13
8.481335e-04 1.175390e-13
8.530323e-04 1.163030e-13
8.579594e-04 1.150790e-13
8.629149e-04 1.138680e-13
8.678991e-04 1.126700e-13
8.729120e-04 1.114840e-13
8.779539e-04 1.103110e-13
8.830250e-04 1.091500e-13
8.881253e-04 1.080020e-13
8.932551e-04 1.068650e-13
8.984145e-04 1.057410e-13
9.036037e-04 1.046280e-13
9.088229e-04 1.035270e-13
9.140722e-04 1.024380e-13
9.193518e-04 1.013600e-13
9.246620e-04 1.002930e-13
9.300028e-04 9.923790e-14
9.353744e-04 9.819360e-14
9.407771e-04 9.716040e-14
9.462110e-04 9.613800e-14
9.516763e-04 9.512640e-14
9.571731e-04 9.412540e-14
9.627017e-04 9.313490e-14
9.682622e-04 9.215490e-14
9.738549e-04 9.118520e-14
9.794798e-04 9.022570e-14
9.851373e-04 8.927630e-14
9.908274e-04 8.833690e-14
9.965504e-04 8.740730e-14
1.002306e-03 8.648760e-14
1.008096e-03 8.557750e-14
1.013918e-03 8.467700e-14
1.019775e-03 8.378600e-14
1.025665e-03 8.290430e-14
1.031589e-03 8.203200e-14
1.037548e-03 8.116880e-14
1.043540e-03 8.031470e-14
1.049568e-03 7.946950e-14
1.055630e-03 7.863330e-14
1.061727e-03 7.780590e-14
1.067860e-03 7.698720e-14
1.074028e-03 7.617700e-14
1.080231e-03 7.537550e-14
1.086471e-03 7.458230e-14
1.092746e-03 7.379750e-14
1.099058e-03 7.302100e-14
1.105406e-03 7.225260e-14
1.111791e-03 7.149230e-14
1.118212e-03 7.074000e-14
1.124671e-03 6.999570e-14
1.131167e-03 6.927280e-14
1.137701e-03 6.870520e-14
1.144272e-03 6.814220e-14
1.150881e-03 6.758390e-14
1.157529e-03 6.703010e-14
1.164215e-03 6.648090e-14
1.170939e-03 6.593610e-14
1.177702e-03 6.539590e-14
1.184505e-03 6.486000e-14
1.191346e-03 6.432860e-14
1.198227e-03 6.380150e-14
1.205148e-03 6.327870e-14
1.212109e-03 6.276020e-14
1.219110e-03 6.224590e-14
1.226152e-03 6.173590e-14
1.233234e-03 6.123000e-14
1.240357e-03 6.072830e-14
1.247521e-03 6.023070e-14
1.254727e-03 5.973720e-14
1.261974e-03 5.924770e-14
1.269263e-03 5.876230e-14
1.276595e-03 5.828080e-14
1.283968e-03 5.780320e-14
1.291384e-03 5.732960e-14
1.298843e-03 5.685980e-14
1.306345e-03 5.639390e-14
1.313891e-03 5.593180e-14
1.321480e-03 5.547350e-14
1.329113e-03 5.501900e-14
1.336790e-03 5.456820e-14
1.344511e-03 5.412110e-14
1.352277e-03 5.367760e-14
1.360087e-03 5.323780e-14
1.367943e-03 5.280150e-14
1.375844e-03 5.236890e-14
1.383791e-03 5.193980e-14
1.391784e-03 5.151420e-14
1.399823e-03 5.109210e-14
1.407908e-03 5.067350e-14
1.416040e-03 5.025830e-14
1.424219e-03 4.984640e-14
1.432445e-03 4.943800e-14
1.440719e-03 4.903290e-14
1.449041e-03 4.863110e-14
1.457410e-03 4.823270e-14
1.465828e-03 4.783750e-14
1.474295e-03 4.744550e-14
1.482810e-03 4.705670e-14
1.491375e-03 4.667110e-14
1.499989e-03 4.628870e-14
1.508653e-03 4.590940e-14
1.517367e-03 4.553330e-14
1.526131e-03 4.516020e-14
1.534946e-03 4.479010e-14
1.543812e-03 4.442310e-14
1.552729e-03 4.405910e-14
1.561697e-03 4.369810e-14
1.570717e-03 4.334010e-14
1.579790e-03 4.298490e-14
1.588915e-03 4.263270e-14
1.598092e-03 4.228340e-14
1.607323e-03 4.193690e-14
1.616606e-03 4.159330e-14
1.625944e-03 4.125250e-14
1.635335e-03 4.091450e-14
1.644781e-03 4.057920e-14
1.654281e-03 4.024670e-14
1.663836e-03 3.991700e-14
1.673446e-03 3.958990e-14
1.683112e-03 3.926550e-14
1.692834e-03 3.894370e-14
1.702611e-03 3.865360e-14
1.712446e-03 3.842710e-14
1.722337e-03 3.820190e-14
1.732285e-03 3.797810e-14
1.742290e-03 3.775550e-14
1.752354e-03 3.753430e-14
1.762475e-03 3.731440e-14
1.772655e-03 3.709570e-14
1.782894e-03 3.687840e-14
1.793192e-03 3.666230e-14
1.803549e-03 3.644740e-14
1.813967e-03 3.623390e-14
1.824444e-03 3.602150e-14
1.834982e-03 3.581050e-14
1.845581e-03 3.560060e-14
1.856241e-03 3.539200e-14
1.866962e-03 3.518460e-14
1.877746e-03 3.497850e-14
1.888592e-03 3.477350e-14
1.899500e-03 3.456980e-14
1.910472e-03 3.436720e-14
1.921506e-03 3.416580e-14
1.932605e-03 3.396560e-14
1.943768e-03 3.376660e-14
1.954995e-03 3.356870e-14
1.966287e-03 3.337200e-14
1.977644e-03 3.317650e-14
1.989067e-03 3.298210e-14
2.000555e-03 3.278880e-14
2.012110e-03 3.259670e-14
2.023732e-03 3.240570e-14
2.035421e-03 3.221580e-14
2.047178e-03 3.202700e-14
2.059002e-03 3.183930e-14
2.070895e-03 3.165280e-14
2.082856e-03 3.146730e-14
2.094887e-03 3.128290e-14
2.106987e-03 3.109960e-14
2.119157e-03 3.091740e-14
2.131397e-03 3.073620e-14
2.143708e-03 3.055610e-14
2.156090e-03 3.037710e-14
2.168543e-03 3.019910e-14
2.181069e-03 3.002210e-14
2.193666e-03 2.984620e-14
2.206337e-03 2.967130e-14
2.219081e-03 2.949740e-14
2.231898e-03 2.932460e-14
2.244789e-03 2.915280e-14
2.257755e-03 2.898190e-14
2.270796e-03 2.881210e-14
2.283912e-03 2.864330e-14
2.297104e-03 2.847540e-14
2.310372e-03 2.830860e-14
2.323716e-03 2.816370e-14
2.337138e-03 2.806460e-14
2.350637e-03 2.796580e-14
2.364214e-03 2.786740e-14
2.377870e-03 2.776930e-14
2.391604e-03 2.767150e-14
2.405418e-03 2.757410e-14
2.419312e-03 2.747710e-14
2.433286e-03 2.738040e-14
2.447340e-03 2.728400e-14
2.461476e-03 2.718790e-14
2.475693e-03 2.709220e-14
2.489993e-03 2.699690e-14
2.504375e-03 2.690190e-14
2.518840e-03 2.680720e-14
2.533389e-03 2.671280e-14
2.548022e-03 2.661880e-14
2.562739e-03 2.652510e-14
2.577541e-03 2.643170e-14
2.592429e-03 2.633870e-14
2.607403e-03 2.624600e-14
2.622463e-03 2.615360e-14
2.637610e-03 2.606150e-14
2.652845e-03 2.596980e-14
2.668168e-03 2.587840e-14
2.683579e-03 2.578730e-14
2.699079e-03 2.569650e-14
2.714669e-03 2.560610e-14
2.730349e-03 2.551590e-14
2.746119e-03 2.542610e-14
2.761981e-03 2.533660e-14
2.777934e-03 2.524740e-14
2.793979e-03 2.515860e-14
2.810117e-03 2.507000e-14
2.826348e-03 2.498180e-14
2.842673e-03 2.489380e-14
2.859092e-03 2.480620e-14
2.875606e-03 2.471890e-14
2.892215e-03 2.463190e-14
2.908921e-03 2.454520e-14
2.925722e-03 2.446090e-14
2.942621e-03 2.443220e-14
2.959618e-03 2.440350e-14
2.976712e-03 2.437480e-14
2.993906e-03 2.434620e-14
3.011198e-03 2.431760e-14
3.028591e-03 2.428900e-14
3.046084e-03 2.426050e-14
3.063678e-03 2.423200e-14
3.081374e-03 2.420350e-14
3.099172e-03 2.417510e-14
3.117072e-03 2.414670e-14
3.135076e-03 2.411830e-14
3.153184e-03 2.409000e-14
3.171397e-03 2.406170e-14
3.189715e-03 2.403350e-14
3.208139e-03 2.400520e-14
3.226669e-03 2.397700e-14
3.245306e-03 2.394890e-14
3.264051e-03 2.392070e-14
3.282904e-03 2.389260e-14
3.301866e-03 2.386460e-14
3.320937e-03 2.383650e-14
3.340119e-03 2.380850e-14
3.359411e-03 2.378060e-14
3.378815e-03 2.375260e-14
3.398331e-03 2.372470e-14
3.417959e-03 2.369690e-14
3.437701e-03 2.366900e-14
3.457557e-03 2.364120e-14
3.477528e-03 2.361340e-14
3.497614e-03 2.358570e-14
3.517816e-03 2.358170e-14
3.538135e-03 2.360940e-14
3.558571e-03 2.363720e-14
3.579125e-03 2.366500e-14
3.599798e-03 2.369280e-14
3.620590e-03 2.372070e-14
3.641503e-03 2.374860e-14
3.662536e-03 2.377650e-14
3.683691e-03 2.380450e-14
3.704967e-03 2.383250e-14
3.726367e-03 2.386050e-14
3.747890e-03 2.388860e-14
3.769538e-03 2.391670e-14
3.791311e-03 2.394480e-14
3.813209e-03 2.397290e-14
3.835234e-03 2.400110e-14
3.857386e-03 2.402940e-14
3.879667e-03 2.405760e-14
3.902075e-03 2.408590e-14
3.924614e-03 2.411420e-14
3.947282e-03 2.414260e-14
3.970081e-03 2.417100e-14
3.993012e-03 2.419940e-14
4.016076e-03 2.422790e-14
4.039272e-03 2.425640e-14
4.062603e-03 2.428490e-14
4.086069e-03 2.431350e-14
4.109670e-03 2.436040e-14
4.133407e-03 2.444640e-14
4.157281e-03 2.453280e-14
4.181294e-03 2.461940e-14
4.205445e-03 2.470640e-14
4.229735e-03 2.479370e-14
4.254166e-03 2.488130e-14
4.278738e-03 2.496910e-14
4.303451e-03 2.505730e-14
4.328308e-03 2.514590e-14
4.353308e-03 2.523470e-14
4.378453e-03 2.532380e-14
4.403742e-03 2.541330e-14
4.429178e-03 2.550300e-14
4.454761e-03 2.559310e-14
4.480492e-03 2.568350e-14
4.506371e-03 2.577420e-14
4.532399e-03 2.586530e-14
4.558578e-03 2.595670e-14
4.584908e-03 2.604830e-14
4.611391e-03 2.614040e-14
4.638026e-03 2.623270e-14
4.664815e-03 2.632540e-14
4.691759e-03 2.641830e-14
4.718858e-03 2.651170e-14
4.746114e-03 2.660530e-14
4.773527e-03 2.674700e-14
4.801099e-03 2.690460e-14
4.828830e-03 2.706320e-14
4.856721e-03 2.722270e-14
4.884773e-03 2.738320e-14
4.912988e-03 2.754460e-14
4.941365e-03 2.770690e-14
4.969906e-03 2.787020e-14
4.998612e-03 2.803450e-14
5.027484e-03 2.819970e-14
5.056522e-03 2.836590e-14
5.085729e-03 2.853310e-14
5.115104e-03 2.870130e-14
5.144648e-03 2.887050e-14
5.174363e-03 2.904070e-14
5.204250e-03 2.921180e-14
5.234310e-03 2.938400e-14
5.264543e-03 2.955720e-14
5.294951e-03 2.973140e-14
5.325534e-03 2.990670e-14
5.356294e-03 3.008290e-14
5.387232e-03 3.026030e-14
5.418348e-03 3.043860e-14
5.449645e-03 3.061800e-14
5.481122e-03 3.079850e-14
5.512780e-03 3.098000e-14
5.544622e-03 3.120340e-14
5.576647e-03 3.146120e-14
5.608858e-03 3.172110e-14
5.641254e-03 3.198320e-14
5.673838e-03 3.224740e-14
5.706610e-03 3.251390e-14
5.739571e-03 3.278250e-14
5.772723e-03 3.305330e-14
5.806066e-03 3.332640e-14
5.839601e-03 3.360170e-14
5.873331e-03 3.387930e-14
5.907255e-03 3.415920e-14
5.941375e-03 3.444140e-14
5.975692e-03 3.472600e-14
6.010207e-03 3.501280e-14
6.044922e-03 3.530210e-14
6.079837e-03 3.559380e-14
6.114954e-03 3.588780e-14
6.150274e-03 3.618430e-14
6.185797e-03 3.648320e-14
6.221526e-03 3.678470e-14
6.257462e-03 3.708860e-14
6.293605e-03 3.739500e-14
6.329956e-03 3.770390e-14
6.366518e-03 3.801540e-14
6.403290e-03 3.832950e-14
6.440276e-03 3.864610e-14
6.477474e-03 3.896540e-14
6.514888e-03 3.928730e-14
6.552518e-03 3.970490e-14
6.590365e-03 4.012720e-14
6.628430e-03 4.055390e-14
6.666716e-03 4.098520e-14
6.705223e-03 4.142100e-14
6.743952e-03 4.186150e-14
6.782905e-03 4.230670e-14
6.822082e-03 4.275660e-14
6.861486e-03 4.321130e-14
6.901118e-03 4.367080e-14
6.940979e-03 4.413520e-14
6.981069e-03 4.460460e-14
7.021392e-03 4.507900e-14
7.061947e-03 4.555830e-14
7.102737e-03 4.604280e-14
7.143762e-03 4.653250e-14
7.185024e-03 4.702730e-14
7.226524e-03 4.752740e-14
7.268264e-03 4.803290e-14
7.310246e-03 4.854370e-14
7.352469e-03 4.905990e-14
7.394937e-03 4.958170e-14
7.437650e-03 5.010890e-14
7.480609e-03 5.064180e-14
7.523817e-03 5.118040e-14
7.567274e-03 5.172460e-14
7.610982e-03 5.227470e-14
7.654943e-03 5.283060e-14
7.699158e-03 5.339250e-14
7.743628e-03 5.396030e-14
7.788355e-03 5.453410e-14
7.833340e-03 5.511410e-14
7.878585e-03 5.581510e-14
7.924091e-03 5.654140e-14
7.969861e-03 5.727720e-14
8.015894e-03 5.802250e-14
8.062194e-03 5.877760e-14
8.108761e-03 5.954250e-14
8.155596e-03 6.031730e-14
8.202703e-03 6.110220e-14
8.250081e-03 6.189730e-14
8.297733e-03 6.270280e-14
8.345661e-03 6.351880e-14
8.393865e-03 6.434530e-14
8.442348e-03 6.518270e-14
8.491110e-03 6.603090e-14
8.540155e-03 6.689020e-14
8.589482e-03 6.776060e-14
8.639095e-03 6.864240e-14
8.688994e-03 6.953560e-14
8.739181e-03 7.044050e-14
8.789658e-03 7.135710e-14
8.840427e-03 7.228570e-14
8.891489e-03 7.322640e-14
8.942846e-03 7.417930e-14
8.994499e-03 7.514460e-14
9.046451e-03 7.612240e-14
9.098703e-03 7.711300e-14
9.151257e-03 7.811650e-14
9.204114e-03 7.913310e-14
9.257277e-03 8.016280e-14
9.310746e-03 8.120600e-14
9.364525e-03 8.226270e-14
9.418614e-03 8.333320e-14
9.473015e-03 8.441760e-14
9.527731e-03 8.551620e-14
9.582763e-03 8.662900e-14
9.638113e-03 8.775630e-14
9.693782e-03 8.900750e-14
9.749773e-03 9.037790e-14
9.806087e-03 9.176950e-14
9.862727e-03 9.318250e-14
9.919693e-03 9.461730e-14
9.976989e-03 9.607410e-14
1.003462e-02 9.755340e-14
1.009258e-02 9.905540e-14
1.015087e-02 1.005810e-13
1.020950e-02 1.021290e-13
1.026847e-02 1.037020e-13
1.032778e-02 1.052980e-13
1.038743e-02 1.069200e-13
1.044743e-02 1.085660e-13
1.050777e-02 1.102380e-13
1.056847e-02 1.119350e-13
1.062951e-02 1.136590e-13
1.069091e-02 1.154090e-13
1.075266e-02 1.171860e-13
1.081476e-02 1.189900e-13
1.087723e-02 1.208220e-13
1.094006e-02 1.226820e-13
1.100324e-02 1.245710e-13
1.106680e-02 1.264890e-13
1.113072e-02 1.284370e-13
1.119501e-02 1.304140e-13
1.125967e-02 1.324220e-13
1.132471e-02 1.344610e-13
1.139012e-02 1.365320e-13
1.145591e-02 1.386340e-13
1.152208e-02 1.407690e-13
1.158863e-02 1.429360e-13
1.165556e-02 1.451370e-13
1.172289e-02 1.473710e-13
1.179060e-02 1.496410e-13
1.185870e-02 1.519450e-13
1.192719e-02 1.542840e-13
1.199608e-02 1.566600e-13
1.206537e-02 1.590720e-13
1.213506e-02 1.615210e-13
1.220515e-02 1.640080e-13
1.227565e-02 1.665330e-13
1.234655e-02 1.692300e-13
1.241787e-02 1.722410e-13
1.248959e-02 1.753040e-13
1.256173e-02 1.784220e-13
1.263429e-02 1.815960e-13
1.270726e-02 1.848260e-13
1.278066e-02 1.881130e-13
1.285448e-02 1.914590e-13
1.292873e-02 1.948650e-13
1.300340e-02 1.983310e-13
1.307851e-02 2.018590e-13
1.315405e-02 2.054490e-13
1.323003e-02 2.091030e-13
1.330644e-02 2.128230e-13
1.338330e-02 2.166080e-13
1.346060e-02 2.204610e-13
1.353835e-02 2.243820e-13
1.361655e-02 2.283730e-13
1.369520e-02 2.324350e-13
1.377430e-02 2.365700e-13
1.385386e-02 2.407780e-13
1.393388e-02 2.450600e-13
1.401436e-02 2.494190e-13
1.409531e-02 2.538560e-13
1.417672e-02 2.583710e-13
1.425861e-02 2.629670e-13
1.434096e-02 2.676440e-13
1.442379e-02 2.724050e-13
1.450711e-02 2.772500e-13
1.459090e-02 2.821810e-13
1.467518e-02 2.872000e-13
1.475994e-02 2.923090e-13
1.484519e-02 2.975080e-13
1.493094e-02 3.028000e-13
1.501718e-02 3.081860e-13
1.510392e-02 3.136680e-13
1.519116e-02 3.192470e-13
1.527890e-02 3.249250e-13
1.536715e-02 3.307050e-13
1.545591e-02 3.365870e-13
1.554518e-02 3.425740e-13
1.563497e-02 3.486670e-13
1.572528e-02 3.548690e-13
1.581611e-02 3.611810e-13
1.590746e-02 3.676050e-13
1.599934e-02 3.741440e-13
1.609175e-02 3.807990e-13
1.618470e-02 3.875720e-13
1.627818e-02 3.944660e-13
1.637220e-02 4.014820e-13
1.646677e-02 4.086230e-13
1.656188e-02 4.158910e-13
1.665754e-02 4.232890e-13
1.675375e-02 4.308180e-13
1.685052e-02 4.384810e-13
1.694785e-02 4.462800e-13
1.704574e-02 4.542390e-13
1.714419e-02 4.634070e-13
1.724322e-02 4.727590e-13
1.734281e-02 4.823010e-13
1.744299e-02 4.920350e-13
1.754374e-02 5.019650e-13
1.764507e-02 5.120960e-13
1.774698e-02 5.224310e-13
1.784949e-02 5.329750e-13
1.795259e-02 5.437320e-13
1.805628e-02 5.547050e-13
1.816057e-02 5.659010e-13
1.826547e-02 5.773220e-13
1.837097e-02 5.889740e-13
1.847708e-02 6.008610e-13
1.858380e-02 6.129870e-13
1.869114e-02 6.253590e-13
1.879910e-02 6.379800e-13
1.890768e-02 6.508560e-13
1.901689e-02 6.639920e-13
1.912673e-02 6.773930e-13
1.923721e-02 6.910640e-13
1.934832e-02 7.050110e-13
1.946008e-02 7.192400e-13
1.957248e-02 7.337560e-13
1.968553e-02 7.485650e-13
1.979923e-02 7.636730e-13
1.991359e-02 7.790860e-13
2.002861e-02 7.948090e-13
2.014430e-02 8.108510e-13
2.026065e-02 8.272150e-13
2.037767e-02 8.439110e-13
2.049537e-02 8.609430e-13
2.061375e-02 8.783190e-13
2.073282e-02 8.960450e-13
2.085257e-02 9.141290e-13
2.097301e-02 9.325790e-13
2.109415e-02 9.514000e-13
2.121599e-02 9.706020e-13
2.133853e-02 9.901910e-13
2.146178e-02 1.010180e-12
2.158575e-02 1.030560e-12
2.171043e-02 1.051360e-12
2.183582e-02 1.072580e-12
2.196195e-02 1.094230e-12
2.208880e-02 1.116310e-12
2.221638e-02 1.138840e-12
2.234470e-02 1.161830e-12
2.247377e-02 1.185280e-12
2.260357e-02 1.209200e-12
2.273413e-02 1.233600e-12
2.286544e-02 1.258500e-12
2.299751e-02 1.283900e-12
2.313034e-02 1.309810e-12
2.326394e-02 1.336240e-12
2.339832e-02 1.363210e-12
2.353346e-02 1.390730e-12
2.366939e-02 1.418790e-12
2.380610e-02 1.447430e-12
2.394361e-02 1.476640e-12
2.408191e-02 1.506440e-12
2.422100e-02 1.536850e-12
2.436090e-02 1.567860e-12
2.450161e-02 1.599510e-12
2.464313e-02 1.631790e-12
2.478547e-02 1.664720e-12
2.492863e-02 1.698320e-12
2.507261e-02 1.732600e-12
2.521743e-02 1.767560e-12
2.536309e-02 1.803240e-12
2.550958e-02 1.839630e-12
2.565692e-02 1.876760e-12
2.580512e-02 1.914640e-12
2.595417e-02 1.953280e-12
2.610408e-02 1.992700e-12
2.625485e-02 2.032920e-12
2.640650e-02 2.073950e-12
2.655902e-02 2.115800e-12
2.671243e-02 2.158510e-12
2.686672e-02 2.202070e-12
2.702190e-02 2.246510e-12
2.717798e-02 2.291850e-12
2.733495e-02 2.338110e-12
2.749284e-02 2.385300e-12
2.765164e-02 2.433440e-12
2.781135e-02 2.482550e-12
2.797199e-02 2.532650e-12
2.813355e-02 2.583770e-12
2.829605e-02 2.635920e-12
2.845949e-02 2.689110e-12
2.862387e-02 2.743390e-12
2.878920e-02 2.798760e-12
2.895549e-02 2.855240e-12
2.912273e-02 2.912870e-12
2.929094e-02 2.971650e-12
2.946013e-02 3.036020e-12
2.963029e-02 3.104580e-12
2.980143e-02 3.174690e-12
2.997356e-02 3.246390e-12
3.014669e-02 3.319700e-12
3.032081e-02 3.394670e-12
3.049595e-02 3.471340e-12
3.067209e-02 3.549730e-12
3.084925e-02 3.629900e-12
3.102743e-02 3.711870e-12
3.120665e-02 3.795700e-12
3.138690e-02 3.881420e-12
3.156819e-02 3.969070e-12
3.175052e-02 4.058710e-12
3.193391e-02 4.150370e-12
3.211836e-02 4.244100e-12
3.230388e-02 4.339940e-12
3.249046e-02 4.437950e-12
3.267812e-02 4.538180e-12
3.286687e-02 4.640660e-12
3.305671e-02 4.745470e-12
3.324764e-02 4.852630e-12
3.343968e-02 4.962220e-12
3.363283e-02 5.074290e-12
3.382709e-02 5.188880e-12
3.402247e-02 5.306060e-12
3.421899e-02 5.425890e-12
3.441663e-02 5.548430e-12
3.461542e-02 5.673730e-12
3.481536e-02 5.801860e-12
3.501645e-02 5.932890e-12
3.521871e-02 6.066870e-12
3.542213e-02 6.203880e-12
3.562672e-02 6.343990e-12
3.583250e-02 6.487260e-12
3.603947e-02 6.633760e-12
3.624763e-02 6.783570e-12
3.645700e-02 6.936770e-12
3.666757e-02 7.093420e-12
3.687936e-02 7.253620e-12
3.709238e-02 7.417430e-12
3.730662e-02 7.584940e-12
3.752210e-02 7.756230e-12
3.773883e-02 7.931400e-12
3.795680e-02 8.110510e-12
3.817604e-02 8.293680e-12
3.839654e-02 8.480970e-12
3.861832e-02 8.672500e-12
3.884138e-02 8.868360e-12
3.906573e-02 9.068640e-12
3.929137e-02 9.273440e-12
3.951831e-02 9.482860e-12
3.974657e-02 9.697020e-12
3.997614e-02 9.916010e-12
4.020704e-02 1.013990e-11
4.043928e-02 1.036890e-11
4.067285e-02 1.060310e-11
4.090778e-02 1.084260e-11
4.114406e-02 1.108740e-11
4.138171e-02 1.133780e-11
4.162073e-02 1.159390e-11
4.186113e-02 1.185570e-11
4.210291e-02 1.212340e-11
4.234610e-02 1.239720e-11
4.259069e-02 1.267720e-11
4.283669e-02 1.296350e-11
4.308411e-02 1.325620e-11
4.333297e-02 1.355560e-11
4.358325e-02 1.386170e-11
4.383499e-02 1.417480e-11
4.408818e-02 1.449490e-11
4.434283e-02 1.482220e-11
4.459895e-02 1.515700e-11
4.485655e-02 1.549930e-11
4.511564e-02 1.584930e-11
4.537623e-02 1.620720e-11
4.563832e-02 1.657320e-11
4.590193e-02 1.694750e-11
4.616705e-02 1.733030e-11
4.643371e-02 1.772160e-11
4.670191e-02 1.812180e-11
4.697166e-02 1.853110e-11
4.724297e-02 1.894960e-11
4.751584e-02 1.937750e-11
4.779029e-02 1.981520e-11
4.806633e-02 2.026260e-11
4.834395e-02 2.072020e-11
4.862319e-02 2.118820e-11
4.890403e-02 2.166670e-11
4.918650e-02 2.215600e-11
4.947060e-02 2.265630e-11
4.975634e-02 2.316800e-11
5.004373e-02 2.369120e-11
5.033278e-02 2.422620e-11
5.062350e-02 2.477330e-11
5.091590e-02 2.533280e-11
5.120999e-02 2.590490e-11
5.150578e-02 2.648990e-11
5.180327e-02 2.708820e-11
5.210248e-02 2.769990e-11
5.240343e-02 2.832550e-11
5.270611e-02 2.896510e-11
5.301053e-02 2.961930e-11
5.331672e-02 3.028820e-11
5.362468e-02 3.097220e-11
5.393441e-02 3.167160e-11
5.424593e-02 3.238690e-11
5.455926e-02 3.311830e-11
5.487439e-02 3.386620e-11
5.519134e-02 3.463100e-11
5.551012e-02 3.541310e-11
5.583075e-02 3.621290e-11
5.615322e-02 3.703070e-11
5.647756e-02 3.786700e-11
5.680377e-02 3.872210e-11
5.713187e-02 3.959660e-11
5.746186e-02 4.049080e-11
5.779376e-02 4.140520e-11
5.812757e-02 4.234030e-11
5.846332e-02 4.329650e-11
5.880100e-02 4.427430e-11
5.914063e-02 4.527410e-11
5.948222e-02 4.629660e-11
5.982579e-02 4.734210e-11
6.017134e-02 4.841130e-11
6.051889e-02 4.950460e-11
6.086844e-02 5.062250e-11
6.122002e-02 5.176580e-11
6.157362e-02 5.293480e-11
6.192927e-02 5.413030e-11
6.228697e-02 5.535270e-11
6.264674e-02 5.660280e-11
6.300858e-02 5.788100e-11
6.337252e-02 5.918820e-11
6.373855e-02 6.052490e-11
6.410670e-02 6.189170e-11
6.447698e-02 6.328940e-11
6.484940e-02 6.471870e-11
6.522397e-02 6.618030e-11
6.560070e-02 6.767490e-11
6.597960e-02 6.920320e-11
6.636070e-02 7.076600e-11
6.674400e-02 7.236420e-11
6.712951e-02 7.399840e-11
6.751724e-02 7.566950e-11
6.790722e-02 7.737840e-11
6.829945e-02 7.912590e-11
6.869395e-02 8.091280e-11
6.909072e-02 8.274010e-11
6.948978e-02 8.460860e-11
6.989115e-02 8.651940e-11
7.029484e-02 8.847330e-11
7.070086e-02 9.047130e-11
7.110923e-02 9.251440e-11
7.151995e-02 9.480630e-11
7.193305e-02 9.717550e-11
7.234853e-02 9.960390e-11
7.276641e-02 1.020930e-10
7.318671e-02 1.046440e-10
7.360943e-02 1.072590e-10
7.403460e-02 1.099400e-10
7.446222e-02 1.126870e-10
7.489231e-02 1.155030e-10
7.532488e-02 1.183900e-10
7.575996e-02 1.213480e-10
7.619754e-02 1.243810e-10
7.663766e-02 1.274890e-10
7.708031e-02 1.306750e-10
7.752553e-02 1.339410e-10
7.797331e-02 1.372880e-10
7.842368e-02 1.407190e-10
7.887665e-02 1.442350e-10
7.933224e-02 1.478400e-10
7.979046e-02 1.515340e-10
8.025133e-02 1.553210e-10
8.071486e-02 1.592020e-10
8.118106e-02 1.631810e-10
8.164996e-02 1.672590e-10
8.212157e-02 1.714390e-10
8.259590e-02 1.757230e-10
8.307297e-02 1.801140e-10
8.355279e-02 1.846150e-10
8.403539e-02 1.892290e-10
8.452078e-02 1.939580e-10
8.500897e-02 1.988050e-10
8.549997e-02 2.037730e-10
8.599382e-02 2.088650e-10
8.649052e-02 2.140850e-10
8.699008e-02 2.194350e-10
8.749253e-02 2.249180e-10
8.799789e-02 2.305390e-10
8.850616e-02 2.363000e-10
8.901737e-02 2.422050e-10
8.953153e-02 2.482580e-10
9.004866e-02 2.544620e-10
9.056877e-02 2.608210e-10
9.109190e-02 2.673390e-10
9.161804e-02 2.740200e-10
9.214722e-02 2.808680e-10
9.267946e-02 2.878860e-10
9.321477e-02 2.950810e-10
9.375318e-02 3.024550e-10
9.429469e-02 3.100130e-10
9.483933e-02 3.177600e-10
9.538712e-02 3.257010e-10
9.593807e-02 3.338410e-10
9.649221e-02 3.421830e-10
9.704954e-02 3.507340e-10
9.761010e-02 3.594990e-10
9.817389e-02 3.684830e-10
9.874094e-02 3.776920e-10
9.931126e-02 3.871300e-10
9.988488e-02 3.968050e-10
1.004618e-01 4.067210e-10
1.010421e-01 4.168850e-10
1.016257e-01 4.273030e-10
1.022127e-01 4.379810e-10
1.028031e-01 4.489260e-10
1.033968e-01 4.601450e-10
1.039941e-01 4.716440e-10
1.045947e-01 4.834300e-10
1.051989e-01 4.955110e-10
1.058065e-01 5.078940e-10
1.064176e-01 5.205860e-10
1.070323e-01 5.335960e-10
1.076505e-01 5.469300e-10
1.082723e-01 5.605980e-10
1.088977e-01 5.746080e-10
1.095266e-01 5.889670e-10
1.101593e-01 6.036850e-10
1.107955e-01 6.187710e-10
1.114355e-01 6.342350e-10
1.120791e-01 6.500840e-10
1.127265e-01 6.663300e-10
1.133776e-01 6.829810e-10
1.140325e-01 7.000490e-10
1.146911e-01 7.175430e-10
1.153536e-01 7.354750e-10
1.160198e-01 7.538540e-10
1.166900e-01 7.726930e-10
1.173640e-01 7.920030e-10
1.180419e-01 8.117950e-10
1.187237e-01 8.320820e-10
1.194094e-01 8.528760e-10
1.200991e-01 8.741890e-10
1.207928e-01 8.960350e-10
1.214905e-01 9.184270e-10
1.221922e-01 9.413780e-10
1.228980e-01 9.649040e-10
1.236078e-01 9.890170e-10
1.243218e-01 1.013730e-09
1.250399e-01 1.039070e-09
1.257621e-01 1.065030e-09
1.264885e-01 1.091650e-09
1.272191e-01 1.118930e-09
1.279539e-01 1.146890e-09
1.286930e-01 1.175550e-09
1.294363e-01 1.204930e-09
1.301839e-01 1.235040e-09
1.309358e-01 1.265900e-09
1.316921e-01 1.297540e-09
1.324528e-01 1.329960e-09
1.332178e-01 1.363200e-09
1.339873e-01 1.397260e-09
1.347612e-01 1.432180e-09
1.355395e-01 1.467970e-09
1.363224e-01 1.504660e-09
1.371098e-01 1.542260e-09
1.379018e-01 1.580800e-09
1.386983e-01 1.620300e-09
1.394994e-01 1.660800e-09
1.403051e-01 1.702300e-09
1.411155e-01 1.744840e-09
1.419306e-01 1.788440e-09
1.427504e-01 1.833140e-09
1.435749e-01 1.878950e-09
1.444042e-01 1.925900e-09
1.452383e-01 1.974030e-09
1.460772e-01 2.023360e-09
1.469209e-01 2.073920e-09
1.477695e-01 2.125750e-09
1.486230e-01 2.178870e-09
1.494814e-01 2.233320e-09
1.503448e-01 2.289140e-09
1.512132e-01 2.346340e-09
1.520866e-01 2.404980e-09
1.529651e-01 2.465080e-09
1.538486e-01 2.526680e-09
1.547372e-01 2.589820e-09
1.556310e-01 2.654540e-09
1.565299e-01 2.720880e-09
1.574340e-01 2.788870e-09
1.583433e-01 2.858570e-09
1.592579e-01 2.930000e-09
1.601778e-01 3.003220e-09
1.611030e-01 3.078270e-09
1.620335e-01 3.155200e-09
1.629694e-01 3.234050e-09
1.639107e-01 3.314870e-09
1.648574e-01 3.397710e-09
1.658097e-01 3.482620e-09
1.667674e-01 3.569650e-09
1.677306e-01 3.658850e-09
1.686994e-01 3.750290e-09
1.696738e-01 3.844010e-09
1.706538e-01 3.940070e-09
1.716395e-01 4.038530e-09
1.726309e-01 4.139450e-09
1.736280e-01 4.242900e-09
1.746309e-01 4.348930e-09
1.756395e-01 4.457610e-09
1.766540e-01 4.569000e-09
1.776744e-01 4.683180e-09
1.787006e-01 4.800220e-09
1.797328e-01 4.920170e-09
1.807709e-01 5.043130e-09
1.818150e-01 5.169160e-09
1.828652e-01 5.298340e-09
1.839214e-01 5.430740e-09
1.849837e-01 5.566460e-09
1.860522e-01 5.705560e-09
1.871268e-01 5.848140e-09
1.882077e-01 5.994290e-09
1.892948e-01 6.148260e-09
1.903881e-01 6.316740e-09
1.914878e-01 6.489830e-09
1.925938e-01 6.667670e-09
1.937062e-01 6.850380e-09
1.948251e-01 7.038090e-09
1.959504e-01 7.230950e-09
1.970822e-01 7.429100e-09
1.982205e-01 7.632670e-09
1.993654e-01 7.841830e-09
2.005169e-01 8.056710e-09
2.016751e-01 8.277490e-09
2.028400e-01 8.504310e-09
2.040116e-01 8.737350e-09
2.051899e-01 8.976770e-09
2.063751e-01 9.222760e-09
2.075671e-01 9.475480e-09
2.087660e-01 9.735130e-09
2.099719e-01 1.000190e-08
2.111846e-01 1.027600e-08
2.124044e-01 1.055760e-08
2.136313e-01 1.084690e-08
2.148652e-01 1.114410e-08
2.161063e-01 1.144950e-08
2.173545e-01 1.176320e-08
2.186099e-01 1.208550e-08
2.198726e-01 1.241670e-08
2.211426e-01 1.275700e-08
2.224199e-01 1.310650e-08
2.237046e-01 1.346570e-08
2.249967e-01 1.383470e-08
2.262962e-01 1.421380e-08
2.276033e-01 1.460330e-08
2.289179e-01 1.500340e-08
2.302402e-01 1.541460e-08
2.315700e-01 1.583700e-08
2.329076e-01 1.627090e-08
2.342528e-01 1.671680e-08
2.356059e-01 1.717490e-08
2.369667e-01 1.764550e-08
2.383354e-01 1.812900e-08
2.397120e-01 1.862580e-08
2.410966e-01 1.913620e-08
2.424892e-01 1.966060e-08
2.438898e-01 2.019930e-08
2.452985e-01 2.075280e-08
2.467153e-01 2.132150e-08
2.481403e-01 2.190580e-08
2.495736e-01 2.250610e-08
2.510151e-01 2.312280e-08
2.524650e-01 2.375640e-08
2.539232e-01 2.440740e-08
2.553898e-01 2.507620e-08
2.568650e-01 2.576330e-08
2.583486e-01 2.646930e-08
2.598408e-01 2.719460e-08
2.613416e-01 2.793980e-08
2.628511e-01 2.870550e-08
2.643694e-01 2.949200e-08
2.658963e-01 3.030020e-08
2.674321e-01 3.113050e-08
2.689768e-01 3.198350e-08
2.705304e-01 3.286000e-08
2.720930e-01 3.376040e-08
2.736646e-01 3.468550e-08
2.752453e-01 3.563600e-08
2.768351e-01 3.661250e-08
2.784341e-01 3.761580e-08
2.800423e-01 3.864650e-08
2.816598e-01 3.970550e-08
2.832867e-01 4.079360e-08
2.849229e-01 4.191140e-08
2.865686e-01 4.305990e-08
2.882238e-01 4.423980e-08
2.898886e-01 4.545210e-08
2.915630e-01 4.669760e-08
2.932470e-01 4.797720e-08
2.949408e-01 4.929190e-08
2.966444e-01 5.064260e-08
2.983578e-01 5.203040e-08
3.000811e-01 5.345610e-08
3.018143e-01 5.492090e-08
3.035576e-01 5.642590e-08
3.053109e-01 5.797210e-08
3.070744e-01 5.956070e-08
3.088481e-01 6.119280e-08
3.106320e-01 6.286960e-08
3.124261e-01 6.459240e-08
3.142307e-01 6.636240e-08
3.160457e-01 6.818090e-08
3.178712e-01 7.004920e-08
3.197072e-01 7.196870e-08
3.215538e-01 7.394080e-08
3.234111e-01 7.596700e-08
3.252791e-01 7.804860e-08
3.271579e-01 8.018730e-08
3.290475e-01 8.238470e-08
3.309481e-01 8.464220e-08
3.328596e-01 8.696160e-08
3.347822e-01 8.934460e-08
3.367159e-01 9.179280e-08
3.386608e-01 9.430810e-08
3.406169e-01 9.689240e-08
3.425842e-01 9.954750e-08
3.445630e-01 1.022750e-07
3.465532e-01 1.050780e-07
3.485549e-01 1.079570e-07
3.505681e-01 1.109160e-07
3.525930e-01 1.139550e-07
3.546295e-01 1.170780e-07
3.566778e-01 1.202860e-07
3.587380e-01 1.235820e-07
3.608101e-01 1.269680e-07
3.628941e-01 1.304480e-07
3.649901e-01 1.340220e-07
3.670983e-01 1.376950e-07
3.692187e-01 1.414680e-07
3.713513e-01 1.453440e-07
3.734962e-01 1.493270e-07
3.756535e-01 1.534190e-07
3.778232e-01 1.576670e-07
3.800055e-01 1.623690e-07
3.822004e-01 1.672110e-07
3.844080e-01 1.721970e-07
3.866283e-01 1.773320e-07
3.888615e-01 1.826200e-07
3.911075e-01 1.880660e-07
3.933665e-01 1.936740e-07
3.956386e-01 1.994500e-07
3.979238e-01 2.053970e-07
4.002222e-01 2.115220e-07
4.025338e-01 2.178300e-07
4.048589e-01 2.243260e-07
4.071973e-01 2.310150e-07
4.095493e-01 2.379040e-07
4.119148e-01 2.449990e-07
4.142940e-01 2.523050e-07
4.166870e-01 2.598290e-07
4.190937e-01 2.675770e-07
4.215144e-01 2.755560e-07
4.239490e-01 2.837730e-07
4.263978e-01 2.922350e-07
4.288606e-01 3.009500e-07
4.313377e-01 3.099240e-07
4.338291e-01 3.191670e-07
4.363349e-01 3.286840e-07
4.388551e-01 3.384860e-07
4.413899e-01 3.485790e-07
4.439394e-01 3.589740e-07
4.465035e-01 3.696790e-07
4.490825e-01 3.807030e-07
4.516764e-01 3.920560e-07
4.542853e-01 4.037470e-07
4.569092e-01 4.157870e-07
4.595483e-01 4.281860e-07
4.622026e-01 4.409540e-07
4.648723e-01 4.541040e-07
4.675574e-01 4.676450e-07
4.702580e-01 4.815910e-07
4.729742e-01 4.959520e-07
4.757060e-01 5.107410e-07
4.784537e-01 5.259720e-07
4.812172e-01 5.416570e-07
4.839967e-01 5.578090e-07
4.867923e-01 5.744430e-07
4.896040e-01 5.915730e-07
4.924319e-01 6.092140e-07
4.952762e-01 6.273810e-07
4.981369e-01 6.460900e-07
5.010141e-01 6.653560e-07
5.039079e-01 6.851980e-07
5.068185e-01 7.056310e-07
5.097458e-01 7.266730e-07
5.126901e-01 7.483420e-07
5.156514e-01 7.706580e-07
5.186298e-01 7.936400e-07
5.216253e-01 8.173060e-07
5.246382e-01 8.416790e-07
5.276685e-01 8.667780e-07
5.307163e-01 8.926250e-07
5.337817e-01 9.192440e-07
5.368648e-01 9.466560e-07
5.399657e-01 9.748860e-07
5.430845e-01 1.003960e-06
5.462214e-01 1.033900e-06
5.493763e-01 1.065380e-06
5.525495e-01 1.099740e-06
5.557410e-01 1.135200e-06
5.589509e-01 1.171800e-06
5.621794e-01 1.209580e-06
5.654265e-01 1.248580e-06
5.686924e-01 1.288840e-06
5.719772e-01 1.330400e-06
5.752809e-01 1.373300e-06
5.786037e-01 1.417580e-06
5.819457e-01 1.463290e-06
5.853070e-01 1.510470e-06
5.886877e-01 1.559180e-06
5.920879e-01 1.609450e-06
5.955078e-01 1.661340e-06
5.989474e-01 1.714910e-06
6.024069e-01 1.770210e-06
6.058864e-01 1.827290e-06
6.093860e-01 1.886210e-06
6.129058e-01 1.947030e-06
6.164459e-01 2.009810e-06
6.200064e-01 2.074610e-06
6.235876e-01 2.141500e-06
6.271894e-01 2.210550e-06
6.308120e-01 2.281830e-06
6.344555e-01 2.355410e-06
6.381201e-01 2.431360e-06
6.418059e-01 2.509750e-06
6.455129e-01 2.590680e-06
6.492414e-01 2.674210e-06
6.529914e-01 2.760440e-06
6.567630e-01 2.849450e-06
6.605565e-01 2.941320e-06
6.643718e-01 3.039760e-06
6.682092e-01 3.145160e-06
6.720688e-01 3.254220e-06
6.759506e-01 3.367050e-06
6.798549e-01 3.483800e-06
6.837817e-01 3.604600e-06
6.877312e-01 3.729580e-06
6.917035e-01 3.858900e-06
6.956987e-01 3.992700e-06
6.997171e-01 4.131140e-06
7.037586e-01 4.274380e-06
7.078235e-01 4.422590e-06
7.119118e-01 4.575930e-06
7.160238e-01 4.734600e-06
7.201595e-01 4.898760e-06
7.243191e-01 5.068620e-06
7.285028e-01 5.244370e-06
7.327106e-01 5.426210e-06
7.369427e-01 5.623710e-06
7.411992e-01 5.832390e-06
7.454804e-01 6.048830e-06
7.497862e-01 6.273290e-06
7.541170e-01 6.506080e-06
7.584727e-01 6.747510e-06
7.628536e-01 6.997900e-06
7.672598e-01 7.257590e-06
7.716915e-01 7.526910e-06
7.761488e-01 7.806220e-06
7.806318e-01 8.095900e-06
7.851407e-01 8.414390e-06
7.896756e-01 8.747180e-06
7.942367e-01 9.093120e-06
7.988242e-01 9.452750e-06
8.034382e-01 9.826600e-06
8.080788e-01 1.021520e-05
8.127463e-01 1.061920e-05
8.174406e-01 1.105820e-05
8.221621e-01 1.152260e-05
8.269109e-01 1.200650e-05
8.316871e-01 1.251070e-05
8.364909e-01 1.303610e-05
8.413225e-01 1.360330e-05
8.461819e-01 1.420790e-05
8.510694e-01 1.483940e-05
8.559852e-01 1.549900e-05
8.609293e-01 1.621790e-05
8.659020e-01 1.697870e-05
8.709034e-01 1.777510e-05
8.759337e-01 1.864470e-05
8.809931e-01 1.956520e-05
8.860816e-01 2.055280e-05
8.911996e-01 2.161820e-05
8.963471e-01 2.276630e-05
9.015244e-01 2.400290e-05
9.067316e-01 2.536030e-05
9.119688e-01 2.683480e-05
9.172363e-01 2.842570e-05
9.225342e-01 3.011090e-05
9.278628e-01 3.189600e-05
9.332221e-01 3.378690e-05
9.386123e-01 3.579000e-05
9.440337e-01 3.791170e-05
9.494864e-01 4.015930e-05
9.549706e-01 4.254010e-05
9.604865e-01 4.506210e-05
9.660342e-01 4.773350e-05
9.716140e-01 5.056340e-05
9.772260e-01 5.356100e-05
9.828704e-01 5.673630e-05
9.885474e-01 6.009990e-05
9.942572e-01 6.366290e-05
1.000000e+00 6.743710e-05
