# f [Hz]    h2 Omge_gw
1.000000e-04 8.829070e-10
1.005776e-04 8.334940e-10
1.011585e-04 7.868460e-10
1.017428e-04 7.428100e-10
1.023305e-04 7.012370e-10
1.029215e-04 6.619920e-10
1.035160e-04 6.249420e-10
1.041139e-04 5.899670e-10
1.047153e-04 5.569480e-10
1.053201e-04 5.257780e-10
1.059284e-04 4.963520e-10
1.065403e-04 4.685730e-10
1.071556e-04 4.436040e-10
1.077746e-04 4.213650e-10
1.083971e-04 4.014090e-10
1.090232e-04 3.834410e-10
1.096529e-04 3.671230e-10
1.102862e-04 3.522390e-10
1.109232e-04 3.385090e-10
1.115639e-04 3.256690e-10
1.122083e-04 3.140160e-10
1.128564e-04 3.029370e-10
1.135083e-04 2.927850e-10
1.141639e-04 2.829770e-10
1.148233e-04 2.741370e-10
1.154865e-04 2.655740e-10
1.161536e-04 2.574420e-10
1.168245e-04 2.499870e-10
1.174992e-04 2.427480e-10
1.181779e-04 2.357190e-10
1.188605e-04 2.293310e-10
1.195470e-04 2.232150e-10
1.202375e-04 2.172610e-10
1.209320e-04 2.114660e-10
1.216305e-04 2.059780e-10
1.223330e-04 2.009560e-10
1.230396e-04 1.960570e-10
1.237503e-04 1.912770e-10
1.244651e-04 1.866130e-10
1.251840e-04 1.820630e-10
1.259070e-04 1.777220e-10
1.266343e-04 1.737970e-10
1.273657e-04 1.699590e-10
1.281014e-04 1.662060e-10
1.288413e-04 1.625350e-10
1.295855e-04 1.589450e-10
1.303339e-04 1.554350e-10
1.310867e-04 1.520020e-10
1.318439e-04 1.486460e-10
1.326054e-04 1.455710e-10
1.333713e-04 1.426910e-10
1.341417e-04 1.398680e-10
1.349165e-04 1.371010e-10
1.356958e-04 1.343890e-10
1.364795e-04 1.317300e-10
1.372678e-04 1.291240e-10
1.380607e-04 1.265700e-10
1.388581e-04 1.240660e-10
1.396602e-04 1.216110e-10
1.404668e-04 1.192060e-10
1.412782e-04 1.168470e-10
1.420942e-04 1.145360e-10
1.429149e-04 1.124120e-10
1.437404e-04 1.104480e-10
1.445706e-04 1.085170e-10
1.454057e-04 1.066210e-10
1.462455e-04 1.047580e-10
1.470902e-04 1.029270e-10
1.479398e-04 1.011280e-10
1.487943e-04 9.936080e-11
1.496537e-04 9.762430e-11
1.505181e-04 9.591820e-11
1.513875e-04 9.424200e-11
1.522619e-04 9.259500e-11
1.531414e-04 9.097680e-11
1.540259e-04 8.938690e-11
1.549156e-04 8.782470e-11
1.558103e-04 8.628990e-11
1.567103e-04 8.478190e-11
1.576155e-04 8.330020e-11
1.585258e-04 8.184440e-11
1.594415e-04 8.041410e-11
1.603624e-04 7.900880e-11
1.612886e-04 7.762800e-11
1.622202e-04 7.642050e-11
1.631572e-04 7.526170e-11
1.640996e-04 7.412040e-11
1.650474e-04 7.299650e-11
1.660008e-04 7.188960e-11
1.669596e-04 7.079950e-11
1.679239e-04 6.972590e-11
1.688938e-04 6.866860e-11
1.698694e-04 6.762730e-11
1.708505e-04 6.660180e-11
1.718373e-04 6.559190e-11
1.728299e-04 6.459730e-11
1.738281e-04 6.361770e-11
1.748322e-04 6.265300e-11
1.758420e-04 6.170300e-11
1.768576e-04 6.076730e-11
1.778792e-04 5.984590e-11
1.789066e-04 5.893840e-11
1.799399e-04 5.804470e-11
1.809793e-04 5.716450e-11
1.820246e-04 5.629770e-11
1.830760e-04 5.544400e-11
1.841334e-04 5.460320e-11
1.851969e-04 5.377530e-11
1.862666e-04 5.295980e-11
1.873425e-04 5.215680e-11
1.884246e-04 5.136590e-11
1.895129e-04 5.058700e-11
1.906075e-04 4.981990e-11
1.917085e-04 4.906440e-11
1.928158e-04 4.832040e-11
1.939295e-04 4.758770e-11
1.950496e-04 4.686610e-11
1.961762e-04 4.615540e-11
1.973093e-04 4.545550e-11
1.984490e-04 4.476630e-11
1.995952e-04 4.408740e-11
2.007480e-04 4.341890e-11
2.019076e-04 4.276050e-11
2.030738e-04 4.211210e-11
2.042467e-04 4.148180e-11
2.054264e-04 4.094900e-11
2.066130e-04 4.042290e-11
2.078064e-04 3.990370e-11
2.090066e-04 3.939110e-11
2.102139e-04 3.888510e-11
2.114280e-04 3.838550e-11
2.126492e-04 3.789240e-11
2.138775e-04 3.740570e-11
2.151128e-04 3.692520e-11
2.163553e-04 3.645080e-11
2.176050e-04 3.598260e-11
2.188619e-04 3.552040e-11
2.201260e-04 3.506410e-11
2.213974e-04 3.461360e-11
2.226762e-04 3.416900e-11
2.239624e-04 3.373010e-11
2.252560e-04 3.329680e-11
2.265571e-04 3.286900e-11
2.278656e-04 3.244680e-11
2.291818e-04 3.203000e-11
2.305055e-04 3.161850e-11
2.318369e-04 3.121240e-11
2.331760e-04 3.081140e-11
2.345228e-04 3.041560e-11
2.358774e-04 3.002490e-11
2.372398e-04 2.963920e-11
2.386101e-04 2.925850e-11
2.399883e-04 2.888260e-11
2.413745e-04 2.851160e-11
2.427686e-04 2.814530e-11
2.441709e-04 2.778380e-11
2.455812e-04 2.742690e-11
2.469997e-04 2.707460e-11
2.484263e-04 2.672680e-11
2.498612e-04 2.638340e-11
2.513044e-04 2.604450e-11
2.527559e-04 2.570990e-11
2.542158e-04 2.537970e-11
2.556842e-04 2.505360e-11
2.571610e-04 2.473180e-11
2.586463e-04 2.441410e-11
2.601403e-04 2.410050e-11
2.616428e-04 2.379090e-11
2.631541e-04 2.348530e-11
2.646740e-04 2.318360e-11
2.662028e-04 2.288580e-11
2.677404e-04 2.259180e-11
2.692868e-04 2.230160e-11
2.708422e-04 2.201510e-11
2.724066e-04 2.173230e-11
2.739800e-04 2.145310e-11
2.755625e-04 2.117750e-11
2.771541e-04 2.090550e-11
2.787550e-04 2.063690e-11
2.803650e-04 2.037180e-11
2.819844e-04 2.011010e-11
2.836131e-04 1.985180e-11
2.852513e-04 1.959680e-11
2.868989e-04 1.934510e-11
2.885560e-04 1.909650e-11
2.902227e-04 1.885120e-11
2.918990e-04 1.860910e-11
2.935850e-04 1.837000e-11
2.952807e-04 1.813400e-11
2.969863e-04 1.790110e-11
2.987016e-04 1.767110e-11
3.004269e-04 1.744410e-11
3.021622e-04 1.722010e-11
3.039075e-04 1.699880e-11
3.056628e-04 1.678050e-11
3.074283e-04 1.656490e-11
3.092040e-04 1.635210e-11
3.109900e-04 1.614210e-11
3.127862e-04 1.593470e-11
3.145929e-04 1.573000e-11
3.164099e-04 1.552790e-11
3.182375e-04 1.532850e-11
3.200756e-04 1.513160e-11
3.219244e-04 1.493720e-11
3.237838e-04 1.474530e-11
3.256540e-04 1.455590e-11
3.275349e-04 1.436890e-11
3.294268e-04 1.418430e-11
3.313295e-04 1.400210e-11
3.332433e-04 1.385420e-11
3.351681e-04 1.370840e-11
3.371040e-04 1.356420e-11
3.390511e-04 1.342140e-11
3.410094e-04 1.328020e-11
3.429791e-04 1.314050e-11
3.449601e-04 1.300220e-11
3.469526e-04 1.286540e-11
3.489566e-04 1.273000e-11
3.509721e-04 1.259600e-11
3.529993e-04 1.246350e-11
3.550382e-04 1.233240e-11
3.570889e-04 1.220260e-11
3.591515e-04 1.207420e-11
3.612259e-04 1.194710e-11
3.633123e-04 1.182140e-11
3.654108e-04 1.169700e-11
3.675214e-04 1.157390e-11
3.696442e-04 1.145210e-11
3.717792e-04 1.133160e-11
3.739266e-04 1.121240e-11
3.760864e-04 1.109440e-11
3.782587e-04 1.097770e-11
3.804435e-04 1.086220e-11
3.826409e-04 1.074790e-11
3.848510e-04 1.063480e-11
3.870739e-04 1.052290e-11
3.893096e-04 1.041210e-11
3.915583e-04 1.030260e-11
3.938199e-04 1.019420e-11
3.960946e-04 1.008690e-11
3.983824e-04 9.980750e-12
4.006834e-04 9.875730e-12
4.029978e-04 9.771810e-12
4.053255e-04 9.668980e-12
4.076666e-04 9.567240e-12
4.100213e-04 9.466570e-12
4.123896e-04 9.366960e-12
4.147715e-04 9.268390e-12
4.171672e-04 9.170860e-12
4.195767e-04 9.074360e-12
4.220002e-04 8.978880e-12
4.244377e-04 8.884390e-12
4.268892e-04 8.790910e-12
4.293549e-04 8.698400e-12
4.318348e-04 8.606870e-12
4.343291e-04 8.516310e-12
4.368377e-04 8.426690e-12
4.393609e-04 8.338020e-12
4.418986e-04 8.250280e-12
4.444510e-04 8.163470e-12
4.470182e-04 8.077570e-12
4.496001e-04 7.992570e-12
4.521970e-04 7.908470e-12
4.548089e-04 7.825250e-12
4.574358e-04 7.742910e-12
4.600779e-04 7.661430e-12
4.627353e-04 7.580810e-12
4.654081e-04 7.501040e-12
4.680963e-04 7.422110e-12
4.708000e-04 7.344010e-12
4.735193e-04 7.266730e-12
4.762543e-04 7.190270e-12
4.790051e-04 7.114610e-12
4.817719e-04 7.039740e-12
4.845545e-04 6.965670e-12
4.873533e-04 6.892370e-12
4.901682e-04 6.819840e-12
4.929994e-04 6.748080e-12
4.958470e-04 6.677070e-12
4.987110e-04 6.606810e-12
5.015915e-04 6.537290e-12
5.044887e-04 6.468500e-12
5.074026e-04 6.400440e-12
5.103333e-04 6.333090e-12
5.132810e-04 6.266450e-12
5.162457e-04 6.200510e-12
5.192275e-04 6.135260e-12
5.222265e-04 6.070700e-12
5.252429e-04 6.006820e-12
5.282767e-04 5.943620e-12
5.313280e-04 5.881070e-12
5.343969e-04 5.819190e-12
5.374836e-04 5.757960e-12
5.405880e-04 5.697370e-12
5.437105e-04 5.637420e-12
5.468509e-04 5.578100e-12
5.500095e-04 5.519400e-12
5.531863e-04 5.461320e-12
5.563815e-04 5.403850e-12
5.595951e-04 5.346990e-12
5.628273e-04 5.290730e-12
5.660782e-04 5.235050e-12
5.693479e-04 5.179970e-12
5.726364e-04 5.125460e-12
5.759439e-04 5.071530e-12
5.792705e-04 5.018160e-12
5.826164e-04 4.965360e-12
5.859815e-04 4.913110e-12
5.893662e-04 4.861410e-12
5.927703e-04 4.810250e-12
5.961941e-04 4.759640e-12
5.996377e-04 4.709550e-12
6.031012e-04 4.660000e-12
6.065847e-04 4.610960e-12
6.100883e-04 4.562440e-12
6.136121e-04 4.514430e-12
6.171563e-04 4.466930e-12
6.207210e-04 4.419930e-12
6.243063e-04 4.373420e-12
6.279122e-04 4.327400e-12
6.315390e-04 4.281860e-12
6.351868e-04 4.236800e-12
6.388556e-04 4.192220e-12
6.425456e-04 4.148110e-12
6.462569e-04 4.104460e-12
6.499897e-04 4.061270e-12
6.537440e-04 4.018540e-12
6.575200e-04 3.976250e-12
6.613178e-04 3.934410e-12
6.651375e-04 3.893010e-12
6.689793e-04 3.852040e-12
6.728433e-04 3.811510e-12
6.767297e-04 3.771400e-12
6.806384e-04 3.731720e-12
6.845698e-04 3.692450e-12
6.885238e-04 3.653600e-12
6.925007e-04 3.615150e-12
6.965005e-04 3.577110e-12
7.005235e-04 3.539470e-12
7.045697e-04 3.502220e-12
7.086393e-04 3.465370e-12
7.127323e-04 3.428910e-12
7.168490e-04 3.392830e-12
7.209895e-04 3.357120e-12
7.251539e-04 3.321800e-12
7.293424e-04 3.286850e-12
7.335551e-04 3.252260e-12
7.377920e-04 3.218040e-12
7.420535e-04 3.184170e-12
7.463396e-04 3.150670e-12
7.506504e-04 3.117520e-12
7.549861e-04 3.084710e-12
7.593469e-04 3.052250e-12
7.637328e-04 3.020130e-12
7.681441e-04 2.988350e-12
7.725809e-04 2.956910e-12
7.770433e-04 2.925790e-12
7.815315e-04 2.895340e-12
7.860456e-04 2.871620e-12
7.905857e-04 2.848090e-12
7.951521e-04 2.824750e-12
7.997449e-04 2.801610e-12
8.043642e-04 2.778650e-12
8.090102e-04 2.755880e-12
8.136830e-04 2.733300e-12
8.183828e-04 2.710910e-12
8.231097e-04 2.688690e-12
8.278640e-04 2.666660e-12
8.326457e-04 2.644810e-12
8.374550e-04 2.623140e-12
8.422921e-04 2.601650e-12
8.471572e-04 2.580330e-12
8.520503e-04 2.559190e-12
8.569717e-04 2.538220e-12
8.619215e-04 2.517420e-12
8.669000e-04 2.496790e-12
8.719071e-04 2.476330e-12
8.769432e-04 2.456040e-12
8.820084e-04 2.435920e-12
8.871029e-04 2.415960e-12
8.922267e-04 2.396160e-12
8.973802e-04 2.376530e-12
9.025634e-04 2.357050e-12
9.077766e-04 2.337740e-12
9.130199e-04 2.318590e-12
9.182935e-04 2.299590e-12
9.235975e-04 2.280750e-12
9.289321e-04 2.262060e-12
9.342976e-04 2.243520e-12
9.396941e-04 2.225140e-12
9.451217e-04 2.206910e-12
9.505807e-04 2.188820e-12
9.560712e-04 2.170890e-12
9.615934e-04 2.153100e-12
9.671476e-04 2.135460e-12
9.727338e-04 2.117960e-12
9.783522e-04 2.100610e-12
9.840032e-04 2.083390e-12
9.896867e-04 2.066320e-12
9.954031e-04 2.049390e-12
1.001153e-03 2.032600e-12
1.006935e-03 2.015940e-12
1.012751e-03 1.999430e-12
1.018601e-03 1.983040e-12
1.024484e-03 1.966790e-12
1.030402e-03 1.950680e-12
1.036353e-03 1.934690e-12
1.042339e-03 1.918840e-12
1.048360e-03 1.903120e-12
1.054415e-03 1.887530e-12
1.060505e-03 1.872060e-12
1.066631e-03 1.856720e-12
1.072791e-03 1.841510e-12
1.078988e-03 1.826420e-12
1.085220e-03 1.811450e-12
1.091488e-03 1.796610e-12
1.097793e-03 1.781890e-12
1.104133e-03 1.767290e-12
1.110511e-03 1.752810e-12
1.116925e-03 1.738440e-12
1.123376e-03 1.724200e-12
1.129865e-03 1.710070e-12
1.136391e-03 1.696060e-12
1.142955e-03 1.682160e-12
1.149556e-03 1.668380e-12
1.156196e-03 1.654710e-12
1.162874e-03 1.641150e-12
1.169591e-03 1.627700e-12
1.176347e-03 1.614370e-12
1.183141e-03 1.601140e-12
1.189975e-03 1.588020e-12
1.196848e-03 1.575010e-12
1.203761e-03 1.562100e-12
1.210714e-03 1.549300e-12
1.217707e-03 1.536610e-12
1.224740e-03 1.524020e-12
1.231814e-03 1.511530e-12
1.238929e-03 1.499140e-12
1.246085e-03 1.486860e-12
1.253283e-03 1.474680e-12
1.260522e-03 1.462590e-12
1.267802e-03 1.450610e-12
1.275125e-03 1.438720e-12
1.282490e-03 1.426930e-12
1.289898e-03 1.415240e-12
1.297348e-03 1.403640e-12
1.304842e-03 1.392140e-12
1.312378e-03 1.380740e-12
1.319959e-03 1.369420e-12
1.327583e-03 1.358200e-12
1.335251e-03 1.347070e-12
1.342963e-03 1.336030e-12
1.350720e-03 1.325090e-12
1.358522e-03 1.314230e-12
1.366368e-03 1.303460e-12
1.374260e-03 1.292780e-12
1.382198e-03 1.282190e-12
1.390182e-03 1.271680e-12
1.398211e-03 1.261260e-12
1.406287e-03 1.250930e-12
1.414410e-03 1.240680e-12
1.422579e-03 1.230510e-12
1.430796e-03 1.220430e-12
1.439060e-03 1.210430e-12
1.447372e-03 1.200510e-12
1.455732e-03 1.190670e-12
1.464141e-03 1.180920e-12
1.472597e-03 1.171240e-12
1.481103e-03 1.161640e-12
1.489658e-03 1.152130e-12
1.498262e-03 1.142690e-12
1.506916e-03 1.133320e-12
1.515620e-03 1.124040e-12
1.524374e-03 1.114830e-12
1.533179e-03 1.105690e-12
1.542034e-03 1.096630e-12
1.550941e-03 1.087650e-12
1.559899e-03 1.078730e-12
1.568909e-03 1.069890e-12
1.577971e-03 1.061130e-12
1.587085e-03 1.052430e-12
1.596252e-03 1.043810e-12
1.605472e-03 1.035260e-12
1.614745e-03 1.026770e-12
1.624072e-03 1.018360e-12
1.633453e-03 1.010020e-12
1.642887e-03 1.001740e-12
1.652377e-03 9.935320e-13
1.661921e-03 9.853920e-13
1.671520e-03 9.773170e-13
1.681175e-03 9.693090e-13
1.690885e-03 9.613670e-13
1.700651e-03 9.534900e-13
1.710474e-03 9.456770e-13
1.720354e-03 9.379280e-13
1.730291e-03 9.302430e-13
1.740285e-03 9.226210e-13
1.750337e-03 9.150610e-13
1.760446e-03 9.075630e-13
1.770615e-03 9.001260e-13
1.780842e-03 8.927510e-13
1.791128e-03 8.854360e-13
1.801473e-03 8.781810e-13
1.811878e-03 8.709850e-13
1.822344e-03 8.638480e-13
1.832870e-03 8.567700e-13
1.843456e-03 8.497500e-13
1.854104e-03 8.427870e-13
1.864813e-03 8.358810e-13
1.875584e-03 8.290320e-13
1.886418e-03 8.222390e-13
1.897313e-03 8.155020e-13
1.908272e-03 8.088200e-13
1.919294e-03 8.021920e-13
1.930380e-03 7.956190e-13
1.941530e-03 7.906900e-13
1.952744e-03 7.860570e-13
1.964023e-03 7.814510e-13
1.975367e-03 7.768720e-13
1.986777e-03 7.723200e-13
1.998252e-03 7.677950e-13
2.009794e-03 7.632960e-13
2.021403e-03 7.588230e-13
2.033078e-03 7.543760e-13
2.044821e-03 7.499560e-13
2.056632e-03 7.455620e-13
2.068511e-03 7.411930e-13
2.080459e-03 7.368500e-13
2.092475e-03 7.325320e-13
2.104561e-03 7.282400e-13
2.116717e-03 7.239720e-13
2.128943e-03 7.197300e-13
2.141240e-03 7.155130e-13
2.153608e-03 7.113200e-13
2.166047e-03 7.071520e-13
2.178558e-03 7.030080e-13
2.191141e-03 6.988890e-13
2.203797e-03 6.947940e-13
2.216526e-03 6.907230e-13
2.229329e-03 6.866750e-13
2.242205e-03 6.826520e-13
2.255156e-03 6.786510e-13
2.268182e-03 6.746750e-13
2.281283e-03 6.707210e-13
2.294459e-03 6.667910e-13
2.307712e-03 6.628840e-13
2.321041e-03 6.590000e-13
2.334447e-03 6.551380e-13
2.347931e-03 6.512990e-13
2.361493e-03 6.474830e-13
2.375133e-03 6.436890e-13
2.388851e-03 6.399170e-13
2.402649e-03 6.361680e-13
2.416527e-03 6.324400e-13
2.430484e-03 6.287340e-13
2.444523e-03 6.250500e-13
2.458642e-03 6.213870e-13
2.472843e-03 6.177460e-13
2.487126e-03 6.141260e-13
2.501492e-03 6.105280e-13
2.515940e-03 6.069500e-13
2.530472e-03 6.033940e-13
2.545088e-03 5.998580e-13
2.559789e-03 5.963430e-13
2.574574e-03 5.928490e-13
2.589444e-03 5.893750e-13
2.604401e-03 5.859210e-13
2.619444e-03 5.824880e-13
2.634574e-03 5.790750e-13
2.649791e-03 5.756820e-13
2.665096e-03 5.723080e-13
2.680489e-03 5.689550e-13
2.695972e-03 5.656210e-13
2.711544e-03 5.623070e-13
2.727205e-03 5.590120e-13
2.742958e-03 5.557360e-13
2.758801e-03 5.524800e-13
2.774736e-03 5.492420e-13
2.790762e-03 5.460240e-13
2.806882e-03 5.428250e-13
2.823094e-03 5.396440e-13
2.839400e-03 5.364820e-13
2.855800e-03 5.333380e-13
2.872295e-03 5.302130e-13
2.888886e-03 5.271060e-13
2.905572e-03 5.240170e-13
2.922354e-03 5.209470e-13
2.939234e-03 5.178940e-13
2.956211e-03 5.148600e-13
2.973286e-03 5.118430e-13
2.990459e-03 5.088440e-13
3.007732e-03 5.058620e-13
3.025104e-03 5.028980e-13
3.042577e-03 4.999510e-13
3.060151e-03 4.970210e-13
3.077826e-03 4.941090e-13
3.095604e-03 4.912140e-13
3.113484e-03 4.883350e-13
3.131467e-03 4.854740e-13
3.149554e-03 4.826290e-13
3.167746e-03 4.798010e-13
3.186043e-03 4.769900e-13
3.204445e-03 4.741950e-13
3.222954e-03 4.714160e-13
3.241570e-03 4.686540e-13
3.260293e-03 4.659080e-13
3.279124e-03 4.631780e-13
3.298064e-03 4.604630e-13
3.317114e-03 4.577650e-13
3.336273e-03 4.550830e-13
3.355544e-03 4.524160e-13
3.374925e-03 4.497650e-13
3.394418e-03 4.471300e-13
3.414024e-03 4.445100e-13
3.433744e-03 4.429420e-13
3.453577e-03 4.413830e-13
3.473525e-03 4.398290e-13
3.493588e-03 4.382810e-13
3.513766e-03 4.367380e-13
3.534062e-03 4.352010e-13
3.554474e-03 4.336690e-13
3.575005e-03 4.321430e-13
3.595654e-03 4.306220e-13
3.616422e-03 4.291060e-13
3.637311e-03 4.275960e-13
3.658320e-03 4.260900e-13
3.679450e-03 4.245910e-13
3.700702e-03 4.230960e-13
3.722077e-03 4.216070e-13
3.743576e-03 4.201230e-13
3.765199e-03 4.186440e-13
3.786946e-03 4.171700e-13
3.808820e-03 4.157020e-13
3.830819e-03 4.142390e-13
3.852946e-03 4.127810e-13
3.875200e-03 4.113280e-13
3.897583e-03 4.098800e-13
3.920096e-03 4.084370e-13
3.942738e-03 4.069990e-13
3.965511e-03 4.055670e-13
3.988416e-03 4.041390e-13
4.011452e-03 4.027170e-13
4.034622e-03 4.012990e-13
4.057926e-03 3.998870e-13
4.081365e-03 3.984790e-13
4.104938e-03 3.970770e-13
4.128648e-03 3.956790e-13
4.152495e-03 3.942860e-13
4.176480e-03 3.928980e-13
4.200603e-03 3.915150e-13
4.224866e-03 3.901370e-13
4.249268e-03 3.887640e-13
4.273812e-03 3.873950e-13
4.298497e-03 3.860320e-13
4.323325e-03 3.846730e-13
4.348297e-03 3.833190e-13
4.373412e-03 3.819700e-13
4.398673e-03 3.806250e-13
4.424079e-03 3.792860e-13
4.449633e-03 3.779500e-13
4.475334e-03 3.766200e-13
4.501183e-03 3.752940e-13
4.527182e-03 3.739730e-13
4.553330e-03 3.726570e-13
4.579630e-03 3.713450e-13
4.606082e-03 3.700380e-13
4.632687e-03 3.687360e-13
4.659445e-03 3.674380e-13
4.686358e-03 3.661440e-13
4.713426e-03 3.654510e-13
4.740650e-03 3.650220e-13
4.768032e-03 3.645930e-13
4.795572e-03 3.641650e-13
4.823271e-03 3.637370e-13
4.851130e-03 3.633090e-13
4.879150e-03 3.628830e-13
4.907332e-03 3.624560e-13
4.935676e-03 3.620310e-13
4.964185e-03 3.616050e-13
4.992858e-03 3.611810e-13
5.021696e-03 3.607560e-13
5.050701e-03 3.603330e-13
5.079874e-03 3.599090e-13
5.109215e-03 3.594860e-13
5.138726e-03 3.590640e-13
5.168407e-03 3.586420e-13
5.198259e-03 3.582210e-13
5.228284e-03 3.578000e-13
5.258482e-03 3.573800e-13
5.288855e-03 3.569600e-13
5.319403e-03 3.565410e-13
5.350128e-03 3.561220e-13
5.381030e-03 3.557040e-13
5.412111e-03 3.552860e-13
5.443371e-03 3.548690e-13
5.474812e-03 3.544520e-13
5.506434e-03 3.540350e-13
5.538239e-03 3.536190e-13
5.570228e-03 3.532040e-13
5.602401e-03 3.527890e-13
5.634760e-03 3.523750e-13
5.667306e-03 3.519610e-13
5.700040e-03 3.515470e-13
5.732964e-03 3.511340e-13
5.766077e-03 3.507220e-13
5.799382e-03 3.503100e-13
5.832879e-03 3.505600e-13
5.866569e-03 3.509720e-13
5.900454e-03 3.513850e-13
5.934535e-03 3.517980e-13
5.968813e-03 3.522120e-13
6.003288e-03 3.526260e-13
6.037963e-03 3.530410e-13
6.072838e-03 3.534560e-13
6.107914e-03 3.538710e-13
6.143194e-03 3.542880e-13
6.178676e-03 3.547040e-13
6.214364e-03 3.551210e-13
6.250258e-03 3.555390e-13
6.286359e-03 3.559570e-13
6.322669e-03 3.563760e-13
6.359189e-03 3.567950e-13
6.395919e-03 3.572150e-13
6.432862e-03 3.576350e-13
6.470017e-03 3.580550e-13
6.507388e-03 3.584760e-13
6.544974e-03 3.588980e-13
6.582778e-03 3.593200e-13
6.620800e-03 3.597430e-13
6.659041e-03 3.601660e-13
6.697504e-03 3.605890e-13
6.736188e-03 3.610130e-13
6.775096e-03 3.614380e-13
6.814229e-03 3.618630e-13
6.853587e-03 3.622890e-13
6.893173e-03 3.627150e-13
6.932988e-03 3.636800e-13
6.973033e-03 3.649650e-13
7.013309e-03 3.662540e-13
7.053817e-03 3.675480e-13
7.094560e-03 3.688460e-13
7.135538e-03 3.701490e-13
7.176752e-03 3.714570e-13
7.218205e-03 3.727690e-13
7.259897e-03 3.740860e-13
7.301830e-03 3.754070e-13
7.344005e-03 3.767330e-13
7.386424e-03 3.780640e-13
7.429087e-03 3.793990e-13
7.471998e-03 3.807390e-13
7.515155e-03 3.820840e-13
7.558563e-03 3.834340e-13
7.602221e-03 3.847880e-13
7.646131e-03 3.861480e-13
7.690295e-03 3.875120e-13
7.734713e-03 3.888810e-13
7.779389e-03 3.902540e-13
7.824322e-03 3.916330e-13
7.869515e-03 3.930160e-13
7.914969e-03 3.944040e-13
7.960686e-03 3.957980e-13
8.006666e-03 3.971960e-13
8.052912e-03 3.985990e-13
8.099426e-03 4.000070e-13
8.146208e-03 4.014200e-13
8.193260e-03 4.031330e-13
8.240584e-03 4.055090e-13
8.288181e-03 4.078990e-13
8.336053e-03 4.103040e-13
8.384202e-03 4.127220e-13
8.432629e-03 4.151550e-13
8.481335e-03 4.176020e-13
8.530323e-03 4.200630e-13
8.579594e-03 4.225390e-13
8.629149e-03 4.250300e-13
8.678991e-03 4.275350e-13
8.729120e-03 4.300550e-13
8.779539e-03 4.325900e-13
8.830250e-03 4.351390e-13
8.881253e-03 4.377040e-13
8.932551e-03 4.402840e-13
8.984145e-03 4.428790e-13
9.036037e-03 4.454900e-13
9.088229e-03 4.481150e-13
9.140722e-03 4.507570e-13
9.193518e-03 4.534130e-13
9.246620e-03 4.560860e-13
9.300028e-03 4.587740e-13
9.353744e-03 4.614780e-13
9.407771e-03 4.641980e-13
9.462110e-03 4.669340e-13
9.516763e-03 4.696870e-13
9.571731e-03 4.724550e-13
9.627017e-03 4.752400e-13
9.682622e-03 4.780410e-13
9.738549e-03 4.808590e-13
9.794798e-03 4.836930e-13
9.851373e-03 4.865440e-13
9.908274e-03 4.894120e-13
9.965504e-03 4.930020e-13
1.002306e-02 4.970750e-13
1.008096e-02 5.011810e-13
1.013918e-02 5.053220e-13
1.019775e-02 5.094970e-13
1.025665e-02 5.137060e-13
1.031589e-02 5.179500e-13
1.037548e-02 5.222290e-13
1.043540e-02 5.265440e-13
1.049568e-02 5.308940e-13
1.055630e-02 5.352800e-13
1.061727e-02 5.397020e-13
1.067860e-02 5.441610e-13
1.074028e-02 5.486560e-13
1.080231e-02 5.531890e-13
1.086471e-02 5.577590e-13
1.092746e-02 5.623670e-13
1.099058e-02 5.670130e-13
1.105406e-02 5.716980e-13
1.111791e-02 5.764210e-13
1.118212e-02 5.811830e-13
1.124671e-02 5.859840e-13
1.131167e-02 5.908260e-13
1.137701e-02 5.957070e-13
1.144272e-02 6.006280e-13
1.150881e-02 6.055900e-13
1.157529e-02 6.105940e-13
1.164215e-02 6.156380e-13
1.170939e-02 6.207240e-13
1.177702e-02 6.258520e-13
1.184505e-02 6.310230e-13
1.191346e-02 6.362360e-13
1.198227e-02 6.414920e-13
1.205148e-02 6.467920e-13
1.212109e-02 6.521360e-13
1.219110e-02 6.575230e-13
1.226152e-02 6.629550e-13
1.233234e-02 6.684320e-13
1.240357e-02 6.739550e-13
1.247521e-02 6.795230e-13
1.254727e-02 6.851370e-13
1.261974e-02 6.907970e-13
1.269263e-02 6.965040e-13
1.276595e-02 7.022580e-13
1.283968e-02 7.080600e-13
1.291384e-02 7.139100e-13
1.298843e-02 7.198080e-13
1.306345e-02 7.267030e-13
1.313891e-02 7.344320e-13
1.321480e-02 7.422420e-13
1.329113e-02 7.501350e-13
1.336790e-02 7.581130e-13
1.344511e-02 7.661750e-13
1.352277e-02 7.743230e-13
1.360087e-02 7.825570e-13
1.367943e-02 7.908800e-13
1.375844e-02 7.992900e-13
1.383791e-02 8.077900e-13
1.391784e-02 8.163810e-13
1.399823e-02 8.250630e-13
1.407908e-02 8.338370e-13
1.416040e-02 8.427040e-13
1.424219e-02 8.516660e-13
1.432445e-02 8.607230e-13
1.440719e-02 8.698760e-13
1.449041e-02 8.791270e-13
1.457410e-02 8.884760e-13
1.465828e-02 8.979250e-13
1.474295e-02 9.074740e-13
1.482810e-02 9.171240e-13
1.491375e-02 9.268770e-13
1.499989e-02 9.367340e-13
1.508653e-02 9.466960e-13
1.517367e-02 9.567640e-13
1.526131e-02 9.669390e-13
1.534946e-02 9.772210e-13
1.543812e-02 9.876140e-13
1.552729e-02 9.981170e-13
1.561697e-02 1.008730e-12
1.570717e-02 1.019460e-12
1.579790e-02 1.030300e-12
1.588915e-02 1.041260e-12
1.598092e-02 1.052330e-12
1.607323e-02 1.063520e-12
1.616606e-02 1.074830e-12
1.625944e-02 1.086260e-12
1.635335e-02 1.097810e-12
1.644781e-02 1.109490e-12
1.654281e-02 1.121290e-12
1.663836e-02 1.133210e-12
1.673446e-02 1.145260e-12
1.683112e-02 1.157440e-12
1.692834e-02 1.169750e-12
1.702611e-02 1.182190e-12
1.712446e-02 1.194760e-12
1.722337e-02 1.207470e-12
1.732285e-02 1.220310e-12
1.742290e-02 1.233290e-12
1.752354e-02 1.246400e-12
1.762475e-02 1.259660e-12
1.772655e-02 1.273050e-12
1.782894e-02 1.286590e-12
1.793192e-02 1.300270e-12
1.803549e-02 1.314100e-12
1.813967e-02 1.328080e-12
1.824444e-02 1.342200e-12
1.834982e-02 1.356470e-12
1.845581e-02 1.370900e-12
1.856241e-02 1.385480e-12
1.866962e-02 1.400210e-12
1.877746e-02 1.415100e-12
1.888592e-02 1.430150e-12
1.899500e-02 1.445360e-12
1.910472e-02 1.460730e-12
1.921506e-02 1.476260e-12
1.932605e-02 1.491960e-12
1.943768e-02 1.507830e-12
1.954995e-02 1.523870e-12
1.966287e-02 1.540070e-12
1.977644e-02 1.556450e-12
1.989067e-02 1.573000e-12
2.000555e-02 1.589730e-12
2.012110e-02 1.606640e-12
2.023732e-02 1.623720e-12
2.035421e-02 1.640990e-12
2.047178e-02 1.658440e-12
2.059002e-02 1.676080e-12
2.070895e-02 1.697430e-12
2.082856e-02 1.719520e-12
2.094887e-02 1.741900e-12
2.106987e-02 1.764570e-12
2.119157e-02 1.787530e-12
2.131397e-02 1.810790e-12
2.143708e-02 1.834350e-12
2.156090e-02 1.858230e-12
2.168543e-02 1.882410e-12
2.181069e-02 1.906900e-12
2.193666e-02 1.931720e-12
2.206337e-02 1.956850e-12
2.219081e-02 1.982320e-12
2.231898e-02 2.008120e-12
2.244789e-02 2.034250e-12
2.257755e-02 2.060720e-12
2.270796e-02 2.087540e-12
2.283912e-02 2.114700e-12
2.297104e-02 2.142220e-12
2.310372e-02 2.170100e-12
2.323716e-02 2.198340e-12
2.337138e-02 2.226940e-12
2.350637e-02 2.255920e-12
2.364214e-02 2.285280e-12
2.377870e-02 2.315020e-12
2.391604e-02 2.345140e-12
2.405418e-02 2.375660e-12
2.419312e-02 2.406580e-12
2.433286e-02 2.437890e-12
2.447340e-02 2.469620e-12
2.461476e-02 2.501750e-12
2.475693e-02 2.534310e-12
2.489993e-02 2.567290e-12
2.504375e-02 2.600700e-12
2.518840e-02 2.634540e-12
2.533389e-02 2.668820e-12
2.548022e-02 2.703550e-12
2.562739e-02 2.738730e-12
2.577541e-02 2.774370e-12
2.592429e-02 2.810480e-12
2.607403e-02 2.847050e-12
2.622463e-02 2.884100e-12
2.637610e-02 2.921630e-12
2.652845e-02 2.959650e-12
2.668168e-02 2.998160e-12
2.683579e-02 3.037180e-12
2.699079e-02 3.076700e-12
2.714669e-02 3.116740e-12
2.730349e-02 3.157300e-12
2.746119e-02 3.198380e-12
2.761981e-02 3.240000e-12
2.777934e-02 3.282170e-12
2.793979e-02 3.324880e-12
2.810117e-02 3.368150e-12
2.826348e-02 3.411970e-12
2.842673e-02 3.456380e-12
2.859092e-02 3.501350e-12
2.875606e-02 3.546920e-12
2.892215e-02 3.593070e-12
2.908921e-02 3.639830e-12
2.925722e-02 3.687200e-12
2.942621e-02 3.735180e-12
2.959618e-02 3.783780e-12
2.976712e-02 3.833020e-12
2.993906e-02 3.882900e-12
3.011198e-02 3.933430e-12
3.028591e-02 3.984620e-12
3.046084e-02 4.036470e-12
3.063678e-02 4.088990e-12
3.081374e-02 4.142210e-12
3.099172e-02 4.196110e-12
3.117072e-02 4.250710e-12
3.135076e-02 4.306030e-12
3.153184e-02 4.362060e-12
3.171397e-02 4.418830e-12
3.189715e-02 4.476330e-12
3.208139e-02 4.534580e-12
3.226669e-02 4.593590e-12
3.245306e-02 4.653360e-12
3.264051e-02 4.713920e-12
3.282904e-02 4.775260e-12
3.301866e-02 4.837400e-12
3.320937e-02 4.900350e-12
3.340119e-02 4.964120e-12
3.359411e-02 5.028720e-12
3.378815e-02 5.094160e-12
3.398331e-02 5.160450e-12
3.417959e-02 5.227600e-12
3.437701e-02 5.295630e-12
3.457557e-02 5.364540e-12
3.477528e-02 5.434350e-12
3.497614e-02 5.505070e-12
3.517816e-02 5.576710e-12
3.538135e-02 5.649280e-12
3.558571e-02 5.722790e-12
3.579125e-02 5.797260e-12
3.599798e-02 5.872700e-12
3.620590e-02 5.949120e-12
3.641503e-02 6.026540e-12
3.662536e-02 6.104970e-12
3.683691e-02 6.184410e-12
3.704967e-02 6.264890e-12
3.726367e-02 6.346410e-12
3.747890e-02 6.429000e-12
3.769538e-02 6.512660e-12
3.791311e-02 6.597410e-12
3.813209e-02 6.683260e-12
3.835234e-02 6.770230e-12
3.857386e-02 6.858330e-12
3.879667e-02 6.947580e-12
3.902075e-02 7.037990e-12
3.924614e-02 7.129580e-12
3.947282e-02 7.222360e-12
3.970081e-02 7.316340e-12
3.993012e-02 7.411550e-12
4.016076e-02 7.508000e-12
4.039272e-02 7.605700e-12
4.062603e-02 7.704670e-12
4.086069e-02 7.804930e-12
4.109670e-02 7.906500e-12
4.133407e-02 8.009390e-12
4.157281e-02 8.113610e-12
4.181294e-02 8.219200e-12
4.205445e-02 8.326150e-12
4.229735e-02 8.434500e-12
4.254166e-02 8.544260e-12
4.278738e-02 8.655450e-12
4.303451e-02 8.768080e-12
4.328308e-02 8.882180e-12
4.353308e-02 8.997770e-12
4.378453e-02 9.114860e-12
4.403742e-02 9.233470e-12
4.429178e-02 9.353620e-12
4.454761e-02 9.475490e-12
4.480492e-02 9.621380e-12
4.506371e-02 9.769530e-12
4.532399e-02 9.919950e-12
4.558578e-02 1.007270e-11
4.584908e-02 1.022780e-11
4.611391e-02 1.038530e-11
4.638026e-02 1.054520e-11
4.664815e-02 1.070750e-11
4.691759e-02 1.087240e-11
4.718858e-02 1.103980e-11
4.746114e-02 1.120980e-11
4.773527e-02 1.138240e-11
4.801099e-02 1.155760e-11
4.828830e-02 1.173560e-11
4.856721e-02 1.191630e-11
4.884773e-02 1.209980e-11
4.912988e-02 1.228610e-11
4.941365e-02 1.247520e-11
4.969906e-02 1.266730e-11
4.998612e-02 1.286240e-11
5.027484e-02 1.306040e-11
5.056522e-02 1.326150e-11
5.085729e-02 1.346570e-11
5.115104e-02 1.367300e-11
5.144648e-02 1.388360e-11
5.174363e-02 1.409730e-11
5.204250e-02 1.431440e-11
5.234310e-02 1.453480e-11
5.264543e-02 1.475860e-11
5.294951e-02 1.498580e-11
5.325534e-02 1.521660e-11
5.356294e-02 1.545090e-11
5.387232e-02 1.568880e-11
5.418348e-02 1.593030e-11
5.449645e-02 1.617560e-11
5.481122e-02 1.642470e-11
5.512780e-02 1.667760e-11
5.544622e-02 1.693430e-11
5.576647e-02 1.719510e-11
5.608858e-02 1.745980e-11
5.641254e-02 1.772870e-11
5.673838e-02 1.800170e-11
5.706610e-02 1.827880e-11
5.739571e-02 1.856030e-11
5.772723e-02 1.884600e-11
5.806066e-02 1.913620e-11
5.839601e-02 1.943090e-11
5.873331e-02 1.973010e-11
5.907255e-02 2.003380e-11
5.941375e-02 2.034230e-11
5.975692e-02 2.065550e-11
6.010207e-02 2.097360e-11
6.044922e-02 2.129650e-11
6.079837e-02 2.162440e-11
6.114954e-02 2.195740e-11
6.150274e-02 2.229540e-11
6.185797e-02 2.263870e-11
6.221526e-02 2.298730e-11
6.257462e-02 2.334120e-11
6.293605e-02 2.370060e-11
6.329956e-02 2.406560e-11
6.366518e-02 2.443610e-11
6.403290e-02 2.481230e-11
6.440276e-02 2.519440e-11
6.477474e-02 2.558230e-11
6.514888e-02 2.597620e-11
6.552518e-02 2.637620e-11
6.590365e-02 2.678230e-11
6.628430e-02 2.719470e-11
6.666716e-02 2.761340e-11
6.705223e-02 2.803860e-11
6.743952e-02 2.847030e-11
6.782905e-02 2.890860e-11
6.822082e-02 2.935370e-11
6.861486e-02 2.980570e-11
6.901118e-02 3.026460e-11
6.940979e-02 3.073060e-11
6.981069e-02 3.120380e-11
7.021392e-02 3.168420e-11
7.061947e-02 3.217210e-11
7.102737e-02 3.266750e-11
7.143762e-02 3.317040e-11
7.185024e-02 3.368120e-11
7.226524e-02 3.419980e-11
7.268264e-02 3.472640e-11
7.310246e-02 3.526100e-11
7.352469e-02 3.580400e-11
7.394937e-02 3.635520e-11
7.437650e-02 3.691500e-11
7.480609e-02 3.748340e-11
7.523817e-02 3.806050e-11
7.567274e-02 3.864660e-11
7.610982e-02 3.924160e-11
7.654943e-02 3.984580e-11
7.699158e-02 4.045930e-11
7.743628e-02 4.108230e-11
7.788355e-02 4.171490e-11
7.833340e-02 4.235720e-11
7.878585e-02 4.300930e-11
7.924091e-02 4.367160e-11
7.969861e-02 4.434400e-11
8.015894e-02 4.502680e-11
8.062194e-02 4.572000e-11
8.108761e-02 4.642400e-11
8.155596e-02 4.713880e-11
8.202703e-02 4.786460e-11
8.250081e-02 4.860160e-11
8.297733e-02 4.934990e-11
8.345661e-02 5.010980e-11
8.393865e-02 5.088130e-11
8.442348e-02 5.166480e-11
8.491110e-02 5.246030e-11
8.540155e-02 5.326800e-11
8.589482e-02 5.408820e-11
8.639095e-02 5.492100e-11
8.688994e-02 5.576660e-11
8.739181e-02 5.662530e-11
8.789658e-02 5.749710e-11
8.840427e-02 5.838240e-11
8.891489e-02 5.928140e-11
8.942846e-02 6.019410e-11
8.994499e-02 6.112090e-11
9.046451e-02 6.206200e-11
9.098703e-02 6.301760e-11
9.151257e-02 6.398790e-11
9.204114e-02 6.497320e-11
9.257277e-02 6.597360e-11
9.310746e-02 6.698940e-11
9.364525e-02 6.802080e-11
9.418614e-02 6.906820e-11
9.473015e-02 7.013160e-11
9.527731e-02 7.121140e-11
9.582763e-02 7.230790e-11
9.638113e-02 7.342120e-11
9.693782e-02 7.455170e-11
9.749773e-02 7.569960e-11
9.806087e-02 7.686520e-11
9.862727e-02 7.804870e-11
9.919693e-02 7.925040e-11
9.976989e-02 8.047070e-11
1.003462e-01 8.170970e-11
1.009258e-01 8.296780e-11
1.015087e-01 8.424530e-11
1.020950e-01 8.554240e-11
1.026847e-01 8.685950e-11
1.032778e-01 8.819690e-11
1.038743e-01 8.955490e-11
1.044743e-01 9.093380e-11
1.050777e-01 9.233390e-11
1.056847e-01 9.375560e-11
1.062951e-01 9.519920e-11
1.069091e-01 9.666500e-11
1.075266e-01 9.815340e-11
1.081476e-01 9.966470e-11
1.087723e-01 1.011990e-10
1.094006e-01 1.027570e-10
1.100324e-01 1.045400e-10
1.106680e-01 1.064000e-10
1.113072e-01 1.082920e-10
1.119501e-01 1.102190e-10
1.125967e-01 1.121790e-10
1.132471e-01 1.141740e-10
1.139012e-01 1.162050e-10
1.145591e-01 1.182720e-10
1.152208e-01 1.203760e-10
1.158863e-01 1.225170e-10
1.165556e-01 1.246960e-10
1.172289e-01 1.269140e-10
1.179060e-01 1.291720e-10
1.185870e-01 1.314690e-10
1.192719e-01 1.338080e-10
1.199608e-01 1.361880e-10
1.206537e-01 1.386100e-10
1.213506e-01 1.410750e-10
1.220515e-01 1.435850e-10
1.227565e-01 1.461390e-10
1.234655e-01 1.487380e-10
1.241787e-01 1.513840e-10
1.248959e-01 1.540760e-10
1.256173e-01 1.568170e-10
1.263429e-01 1.596060e-10
1.270726e-01 1.624450e-10
1.278066e-01 1.653350e-10
1.285448e-01 1.682750e-10
1.292873e-01 1.712680e-10
1.300340e-01 1.743150e-10
1.307851e-01 1.774150e-10
1.315405e-01 1.805710e-10
1.323003e-01 1.837830e-10
1.330644e-01 1.870520e-10
1.338330e-01 1.903790e-10
1.346060e-01 1.937650e-10
1.353835e-01 1.972120e-10
1.361655e-01 2.007190e-10
1.369520e-01 2.042900e-10
1.377430e-01 2.079230e-10
1.385386e-01 2.116220e-10
1.393388e-01 2.153860e-10
1.401436e-01 2.192170e-10
1.409531e-01 2.231160e-10
1.417672e-01 2.270850e-10
1.425861e-01 2.311240e-10
1.434096e-01 2.352350e-10
1.442379e-01 2.394190e-10
1.450711e-01 2.436770e-10
1.459090e-01 2.480120e-10
1.467518e-01 2.524230e-10
1.475994e-01 2.569130e-10
1.484519e-01 2.614830e-10
1.493094e-01 2.661340e-10
1.501718e-01 2.708670e-10
1.510392e-01 2.756850e-10
1.519116e-01 2.805890e-10
1.527890e-01 2.855800e-10
1.536715e-01 2.906590e-10
1.545591e-01 2.958290e-10
1.554518e-01 3.010910e-10
1.563497e-01 3.064470e-10
1.572528e-01 3.118970e-10
1.581611e-01 3.174450e-10
1.590746e-01 3.230910e-10
1.599934e-01 3.288380e-10
1.609175e-01 3.346870e-10
1.618470e-01 3.406400e-10
1.627818e-01 3.466990e-10
1.637220e-01 3.528660e-10
1.646677e-01 3.591420e-10
1.656188e-01 3.655300e-10
1.665754e-01 3.720320e-10
1.675375e-01 3.786490e-10
1.685052e-01 3.853850e-10
1.694785e-01 3.922390e-10
1.704574e-01 3.992160e-10
1.714419e-01 4.063170e-10
1.724322e-01 4.135440e-10
1.734281e-01 4.209000e-10
1.744299e-01 4.283860e-10
1.754374e-01 4.360060e-10
1.764507e-01 4.437610e-10
1.774698e-01 4.516540e-10
1.784949e-01 4.596880e-10
1.795259e-01 4.678640e-10
1.805628e-01 4.761860e-10
1.816057e-01 4.846560e-10
1.826547e-01 4.932770e-10
1.837097e-01 5.020510e-10
1.847708e-01 5.109810e-10
1.858380e-01 5.200690e-10
1.869114e-01 5.293200e-10
1.879910e-01 5.387350e-10
1.890768e-01 5.483170e-10
1.901689e-01 5.580700e-10
1.912673e-01 5.679970e-10
1.923721e-01 5.781000e-10
1.934832e-01 5.883820e-10
1.946008e-01 5.988480e-10
1.957248e-01 6.095000e-10
1.968553e-01 6.203410e-10
1.979923e-01 6.313750e-10
1.991359e-01 6.426050e-10
2.002861e-01 6.540350e-10
2.014430e-01 6.656680e-10
2.026065e-01 6.775080e-10
2.037767e-01 6.895590e-10
2.049537e-01 7.018240e-10
2.061375e-01 7.143080e-10
2.073282e-01 7.270130e-10
2.085257e-01 7.399450e-10
2.097301e-01 7.531060e-10
2.109415e-01 7.665010e-10
2.121599e-01 7.801350e-10
2.133853e-01 7.940110e-10
2.146178e-01 8.081340e-10
2.158575e-01 8.225090e-10
2.171043e-01 8.371390e-10
2.183582e-01 8.520290e-10
2.196195e-01 8.671840e-10
2.208880e-01 8.826080e-10
2.221638e-01 8.983070e-10
2.234470e-01 9.142860e-10
2.247377e-01 9.305480e-10
2.260357e-01 9.471000e-10
2.273413e-01 9.660920e-10
2.286544e-01 9.855900e-10
2.299751e-01 1.005480e-09
2.313034e-01 1.025770e-09
2.326394e-01 1.046480e-09
2.339832e-01 1.067600e-09
2.353346e-01 1.089140e-09
2.366939e-01 1.111130e-09
2.380610e-01 1.133550e-09
2.394361e-01 1.156430e-09
2.408191e-01 1.179770e-09
2.422100e-01 1.203580e-09
2.436090e-01 1.227870e-09
2.450161e-01 1.252650e-09
2.464313e-01 1.277930e-09
2.478547e-01 1.303720e-09
2.492863e-01 1.330040e-09
2.507261e-01 1.356880e-09
2.521743e-01 1.384260e-09
2.536309e-01 1.412200e-09
2.550958e-01 1.440700e-09
2.565692e-01 1.469780e-09
2.580512e-01 1.499440e-09
2.595417e-01 1.529710e-09
2.610408e-01 1.560580e-09
2.625485e-01 1.592080e-09
2.640650e-01 1.624210e-09
2.655902e-01 1.656990e-09
2.671243e-01 1.690430e-09
2.686672e-01 1.724550e-09
2.702190e-01 1.759350e-09
2.717798e-01 1.794860e-09
2.733495e-01 1.831080e-09
2.749284e-01 1.868040e-09
2.765164e-01 1.905740e-09
2.781135e-01 1.944200e-09
2.797199e-01 1.983440e-09
2.813355e-01 2.023470e-09
2.829605e-01 2.064310e-09
2.845949e-01 2.105970e-09
2.862387e-01 2.148480e-09
2.878920e-01 2.191840e-09
2.895549e-01 2.236080e-09
2.912273e-01 2.281210e-09
2.929094e-01 2.327250e-09
2.946013e-01 2.374210e-09
2.963029e-01 2.422130e-09
2.980143e-01 2.471020e-09
2.997356e-01 2.520890e-09
3.014669e-01 2.571760e-09
3.032081e-01 2.623670e-09
3.049595e-01 2.676620e-09
3.067209e-01 2.730640e-09
3.084925e-01 2.785750e-09
3.102743e-01 2.841980e-09
3.120665e-01 2.899330e-09
3.138690e-01 2.957850e-09
3.156819e-01 3.017540e-09
3.175052e-01 3.078450e-09
3.193391e-01 3.140580e-09
3.211836e-01 3.203960e-09
3.230388e-01 3.268620e-09
3.249046e-01 3.334590e-09
3.267812e-01 3.401890e-09
3.286687e-01 3.470550e-09
3.305671e-01 3.540590e-09
3.324764e-01 3.612050e-09
3.343968e-01 3.684950e-09
3.363283e-01 3.759320e-09
3.382709e-01 3.835190e-09
3.402247e-01 3.912600e-09
3.421899e-01 3.991560e-09
3.441663e-01 4.072120e-09
3.461542e-01 4.154310e-09
3.481536e-01 4.238150e-09
3.501645e-01 4.323690e-09
3.521871e-01 4.410950e-09
3.542213e-01 4.499970e-09
3.562672e-01 4.590790e-09
3.583250e-01 4.683450e-09
3.603947e-01 4.777970e-09
3.624763e-01 4.874400e-09
3.645700e-01 4.972780e-09
3.666757e-01 5.073140e-09
3.687936e-01 5.175530e-09
3.709238e-01 5.279980e-09
3.730662e-01 5.386540e-09
3.752210e-01 5.495260e-09
3.773883e-01 5.606160e-09
3.795680e-01 5.719310e-09
3.817604e-01 5.834740e-09
3.839654e-01 5.952500e-09
3.861832e-01 6.072630e-09
3.884138e-01 6.195190e-09
3.906573e-01 6.320230e-09
3.929137e-01 6.447780e-09
3.951831e-01 6.577910e-09
3.974657e-01 6.710670e-09
3.997614e-01 6.846110e-09
4.020704e-01 6.984280e-09
4.043928e-01 7.125240e-09
4.067285e-01 7.269040e-09
4.090778e-01 7.415750e-09
4.114406e-01 7.565420e-09
4.138171e-01 7.718110e-09
4.162073e-01 7.873870e-09
4.186113e-01 8.032790e-09
4.210291e-01 8.194910e-09
4.234610e-01 8.360300e-09
4.259069e-01 8.529030e-09
4.283669e-01 8.701170e-09
4.308411e-01 8.876780e-09
4.333297e-01 9.055930e-09
4.358325e-01 9.238700e-09
4.383499e-01 9.425160e-09
4.408818e-01 9.615380e-09
4.434283e-01 9.809440e-09
4.459895e-01 1.000740e-08
4.485655e-01 1.020940e-08
4.511564e-01 1.041540e-08
4.537623e-01 1.062570e-08
4.563832e-01 1.084570e-08
4.590193e-01 1.109060e-08
4.616705e-01 1.134100e-08
4.643371e-01 1.159720e-08
4.670191e-01 1.185910e-08
4.697166e-01 1.212690e-08
4.724297e-01 1.240080e-08
4.751584e-01 1.268080e-08
4.779029e-01 1.296720e-08
4.806633e-01 1.326000e-08
4.834395e-01 1.355950e-08
4.862319e-01 1.386570e-08
4.890403e-01 1.417880e-08
4.918650e-01 1.449900e-08
4.947060e-01 1.482650e-08
4.975634e-01 1.516130e-08
5.004373e-01 1.550370e-08
5.033278e-01 1.585380e-08
5.062350e-01 1.621190e-08
5.091590e-01 1.657800e-08
5.120999e-01 1.695240e-08
5.150578e-01 1.733520e-08
5.180327e-01 1.772670e-08
5.210248e-01 1.812700e-08
5.240343e-01 1.853640e-08
5.270611e-01 1.895500e-08
5.301053e-01 1.938310e-08
5.331672e-01 1.982080e-08
5.362468e-01 2.026840e-08
5.393441e-01 2.072620e-08
5.424593e-01 2.119420e-08
5.455926e-01 2.167290e-08
5.487439e-01 2.216230e-08
5.519134e-01 2.266280e-08
5.551012e-01 2.317460e-08
5.583075e-01 2.369800e-08
5.615322e-01 2.423310e-08
5.647756e-01 2.478040e-08
5.680377e-01 2.534000e-08
5.713187e-01 2.591230e-08
5.746186e-01 2.649750e-08
5.779376e-01 2.709590e-08
5.812757e-01 2.770780e-08
5.846332e-01 2.833350e-08
5.880100e-01 2.897340e-08
5.914063e-01 2.962770e-08
5.948222e-01 3.029680e-08
5.982579e-01 3.098100e-08
6.017134e-01 3.168070e-08
6.051889e-01 3.239610e-08
6.086844e-01 3.312780e-08
6.122002e-01 3.387590e-08
6.157362e-01 3.464090e-08
6.192927e-01 3.542320e-08
6.228697e-01 3.622320e-08
6.264674e-01 3.704130e-08
6.300858e-01 3.787780e-08
6.337252e-01 3.873320e-08
6.373855e-01 3.960790e-08
6.410670e-01 4.050240e-08
6.447698e-01 4.141710e-08
6.484940e-01 4.235240e-08
6.522397e-01 4.330890e-08
6.560070e-01 4.428690e-08
6.597960e-01 4.528710e-08
6.636070e-01 4.630980e-08
6.674400e-01 4.735560e-08
6.712951e-01 4.842510e-08
6.751724e-01 4.951870e-08
6.790722e-01 5.063700e-08
6.829945e-01 5.178050e-08
6.869395e-01 5.294990e-08
6.909072e-01 5.414570e-08
6.948978e-01 5.536850e-08
6.989115e-01 5.661890e-08
7.029484e-01 5.789760e-08
7.070086e-01 5.920510e-08
7.110923e-01 6.054210e-08
7.151995e-01 6.190940e-08
7.193305e-01 6.330750e-08
7.234853e-01 6.473720e-08
7.276641e-01 6.619920e-08
7.318671e-01 6.769420e-08
7.360943e-01 6.922290e-08
7.403460e-01 7.078620e-08
7.446222e-01 7.238480e-08
7.489231e-01 7.401950e-08
7.532488e-01 7.569110e-08
7.575996e-01 7.740050e-08
7.619754e-01 7.914840e-08
7.663766e-01 8.093590e-08
7.708031e-01 8.276370e-08
7.752553e-01 8.463280e-08
7.797331e-01 8.654410e-08
7.842368e-01 8.849850e-08
7.887665e-01 9.049710e-08
7.933224e-01 9.254080e-08
7.979046e-01 9.463070e-08
8.025133e-01 9.676780e-08
8.071486e-01 9.895320e-08
8.118106e-01 1.011880e-07
8.164996e-01 1.034730e-07
8.212157e-01 1.058100e-07
8.259590e-01 1.081990e-07
8.307297e-01 1.106430e-07
8.355279e-01 1.131420e-07
8.403539e-01 1.156970e-07
8.452078e-01 1.183090e-07
8.500897e-01 1.209810e-07
8.549997e-01 1.237130e-07
8.599382e-01 1.265070e-07
8.649052e-01 1.293640e-07
8.699008e-01 1.322860e-07
8.749253e-01 1.352730e-07
8.799789e-01 1.383280e-07
8.850616e-01 1.414520e-07
8.901737e-01 1.446470e-07
8.953153e-01 1.479130e-07
9.004866e-01 1.512540e-07
9.056877e-01 1.546690e-07
9.109190e-01 1.581620e-07
9.161804e-01 1.617340e-07
9.214722e-01 1.653870e-07
9.267946e-01 1.691220e-07
9.321477e-01 1.729410e-07
9.375318e-01 1.768470e-07
9.429469e-01 1.808400e-07
9.483933e-01 1.849240e-07
9.538712e-01 1.891010e-07
9.593807e-01 1.933710e-07
9.649221e-01 1.977380e-07
9.704954e-01 2.022040e-07
9.761010e-01 2.067700e-07
9.817389e-01 2.114400e-07
9.874094e-01 2.162150e-07
9.931126e-01 2.210970e-07
9.988488e-01 2.260910e-07
1.004618e+00 2.311970e-07
1.010421e+00 2.364180e-07
1.016257e+00 2.417570e-07
1.022127e+00 2.472160e-07
1.028031e+00 2.527990e-07
1.033968e+00 2.585090e-07
1.039941e+00 2.643470e-07
1.045947e+00 2.703160e-07
1.051989e+00 2.764210e-07
1.058065e+00 2.826640e-07
1.064176e+00 2.890470e-07
1.070323e+00 2.955750e-07
1.076505e+00 3.022500e-07
1.082723e+00 3.090760e-07
1.088977e+00 3.160560e-07
1.095266e+00 3.236250e-07
1.101593e+00 3.317120e-07
1.107955e+00 3.400020e-07
1.114355e+00 3.484980e-07
1.120791e+00 3.572070e-07
1.127265e+00 3.661340e-07
1.133776e+00 3.752830e-07
1.140325e+00 3.846620e-07
1.146911e+00 3.942750e-07
1.153536e+00 4.041270e-07
1.160198e+00 4.142270e-07
1.166900e+00 4.245780e-07
1.173640e+00 4.351880e-07
1.180419e+00 4.460640e-07
1.187237e+00 4.572110e-07
1.194094e+00 4.686370e-07
1.200991e+00 4.803480e-07
1.207928e+00 4.923520e-07
1.214905e+00 5.046560e-07
1.221922e+00 5.172670e-07
1.228980e+00 5.301940e-07
1.236078e+00 5.434430e-07
1.243218e+00 5.570240e-07
1.250399e+00 5.709440e-07
1.257621e+00 5.852120e-07
1.264885e+00 5.998360e-07
1.272191e+00 6.148260e-07
1.279539e+00 6.301910e-07
1.286930e+00 6.459390e-07
1.294363e+00 6.620810e-07
1.301839e+00 6.786270e-07
1.309358e+00 6.955860e-07
1.316921e+00 7.129680e-07
1.324528e+00 7.307850e-07
1.332178e+00 7.490480e-07
1.339873e+00 7.677660e-07
1.347612e+00 7.869530e-07
1.355395e+00 8.066190e-07
1.363224e+00 8.267760e-07
1.371098e+00 8.474380e-07
1.379018e+00 8.686150e-07
1.386983e+00 8.903220e-07
1.394994e+00 9.125710e-07
1.403051e+00 9.353760e-07
1.411155e+00 9.587510e-07
1.419306e+00 9.827110e-07
1.427504e+00 1.007270e-06
1.435749e+00 1.032440e-06
1.444042e+00 1.058240e-06
1.452383e+00 1.084690e-06
1.460772e+00 1.111790e-06
1.469209e+00 1.139580e-06
1.477695e+00 1.168050e-06
1.486230e+00 1.197240e-06
1.494814e+00 1.227160e-06
1.503448e+00 1.257830e-06
1.512132e+00 1.289260e-06
1.520866e+00 1.321480e-06
1.529651e+00 1.354510e-06
1.538486e+00 1.388360e-06
1.547372e+00 1.423050e-06
1.556310e+00 1.458610e-06
1.565299e+00 1.495060e-06
1.574340e+00 1.532420e-06
1.583433e+00 1.570720e-06
1.592579e+00 1.609970e-06
1.601778e+00 1.650210e-06
1.611030e+00 1.691440e-06
1.620335e+00 1.733710e-06
1.629694e+00 1.777040e-06
1.639107e+00 1.821450e-06
1.648574e+00 1.866970e-06
1.658097e+00 1.913620e-06
1.667674e+00 1.961440e-06
1.677306e+00 2.010460e-06
1.686994e+00 2.060700e-06
1.696738e+00 2.112200e-06
1.706538e+00 2.164980e-06
1.716395e+00 2.219080e-06
1.726309e+00 2.274540e-06
1.736280e+00 2.331380e-06
1.746309e+00 2.389640e-06
1.756395e+00 2.449360e-06
1.766540e+00 2.510570e-06
1.776744e+00 2.573310e-06
1.787006e+00 2.637620e-06
1.797328e+00 2.703530e-06
1.807709e+00 2.771090e-06
1.818150e+00 2.840340e-06
1.828652e+00 2.911320e-06
1.839214e+00 2.984070e-06
1.849837e+00 3.058650e-06
1.860522e+00 3.135080e-06
1.871268e+00 3.213430e-06
1.882077e+00 3.293730e-06
1.892948e+00 3.376040e-06
1.903881e+00 3.460410e-06
1.914878e+00 3.546890e-06
1.925938e+00 3.635520e-06
1.937062e+00 3.726370e-06
1.948251e+00 3.819500e-06
1.959504e+00 3.914950e-06
1.970822e+00 4.012780e-06
1.982205e+00 4.113060e-06
1.993654e+00 4.215850e-06
2.005169e+00 4.321200e-06
2.016751e+00 4.429190e-06
2.028400e+00 4.539870e-06
2.040116e+00 4.653320e-06
2.051899e+00 4.769610e-06
2.063751e+00 4.888800e-06
2.075671e+00 5.010970e-06
2.087660e+00 5.136200e-06
2.099719e+00 5.264550e-06
2.111846e+00 5.396110e-06
2.124044e+00 5.530960e-06
2.136313e+00 5.669180e-06
2.148652e+00 5.810860e-06
2.161063e+00 5.956070e-06
2.173545e+00 6.104910e-06
2.186099e+00 6.257470e-06
2.198726e+00 6.413850e-06
2.211426e+00 6.574130e-06
2.224199e+00 6.738420e-06
2.237046e+00 6.906810e-06
2.249967e+00 7.079410e-06
2.262962e+00 7.256330e-06
2.276033e+00 7.437660e-06
2.289179e+00 7.623530e-06
2.302402e+00 7.814040e-06
2.315700e+00 8.009320e-06
2.329076e+00 8.209470e-06
2.342528e+00 8.414630e-06
2.356059e+00 8.624910e-06
2.369667e+00 8.840440e-06
2.383354e+00 9.061370e-06
2.397120e+00 9.287810e-06
2.410966e+00 9.519910e-06
2.424892e+00 9.757820e-06
2.438898e+00 1.000170e-05
2.452985e+00 1.025160e-05
2.467153e+00 1.051520e-05
2.481403e+00 1.080330e-05
2.495736e+00 1.109930e-05
2.510151e+00 1.140350e-05
2.524650e+00 1.171600e-05
2.539232e+00 1.203700e-05
2.553898e+00 1.236690e-05
2.568650e+00 1.270570e-05
2.583486e+00 1.305390e-05
2.598408e+00 1.341160e-05
2.613416e+00 1.377910e-05
2.628511e+00 1.415670e-05
2.643694e+00 1.454460e-05
2.658963e+00 1.494320e-05
2.674321e+00 1.535270e-05
2.689768e+00 1.577340e-05
2.705304e+00 1.620560e-05
2.720930e+00 1.664970e-05
2.736646e+00 1.710590e-05
2.752453e+00 1.757460e-05
2.768351e+00 1.805620e-05
2.784341e+00 1.855100e-05
2.800423e+00 1.905940e-05
2.816598e+00 1.958160e-05
2.832867e+00 2.011820e-05
2.849229e+00 2.066950e-05
2.865686e+00 2.123590e-05
2.882238e+00 2.181780e-05
2.898886e+00 2.241570e-05
2.915630e+00 2.302990e-05
2.932470e+00 2.366100e-05
2.949408e+00 2.430930e-05
2.966444e+00 2.497550e-05
2.983578e+00 2.565990e-05
3.000811e+00 2.636300e-05
3.018143e+00 2.708540e-05
3.035576e+00 2.782760e-05
3.053109e+00 2.859020e-05
3.070744e+00 2.937360e-05
3.088481e+00 3.017850e-05
3.106320e+00 3.100550e-05
3.124261e+00 3.185510e-05
3.142307e+00 3.272800e-05
3.160457e+00 3.362480e-05
3.178712e+00 3.454620e-05
3.197072e+00 3.549290e-05
3.215538e+00 3.646550e-05
3.234111e+00 3.746470e-05
3.252791e+00 3.849130e-05
3.271579e+00 3.954610e-05
3.290475e+00 4.062970e-05
3.309481e+00 4.174310e-05
3.328596e+00 4.288700e-05
3.347822e+00 4.406220e-05
3.367159e+00 4.526960e-05
3.386608e+00 4.651010e-05
3.406169e+00 4.778450e-05
3.425842e+00 4.909400e-05
3.445630e+00 5.043920e-05
3.465532e+00 5.182140e-05
3.485549e+00 5.324140e-05
3.505681e+00 5.470040e-05
3.525930e+00 5.619930e-05
3.546295e+00 5.773930e-05
3.566778e+00 5.932150e-05
3.587380e+00 6.094700e-05
3.608101e+00 6.261710e-05
3.628941e+00 6.433300e-05
3.649901e+00 6.609590e-05
3.670983e+00 6.790700e-05
3.692187e+00 6.976780e-05
3.713513e+00 7.167970e-05
3.734962e+00 7.364380e-05
3.756535e+00 7.566190e-05
3.778232e+00 7.773520e-05
3.800055e+00 7.986530e-05
3.822004e+00 8.205380e-05
3.844080e+00 8.430230e-05
3.866283e+00 8.661240e-05
3.888615e+00 8.898570e-05
3.911075e+00 9.142420e-05
3.933665e+00 9.392940e-05
3.956386e+00 9.650330e-05
3.979238e+00 9.914770e-05
4.002222e+00 1.018650e-04
4.025338e+00 1.046560e-04
4.048589e+00 1.075240e-04
4.071973e+00 1.104700e-04
4.095493e+00 1.134970e-04
4.119148e+00 1.166070e-04
4.142940e+00 1.198030e-04
4.166870e+00 1.230860e-04
4.190937e+00 1.265450e-04
4.215144e+00 1.303190e-04
4.239490e+00 1.342050e-04
4.263978e+00 1.382070e-04
4.288606e+00 1.423290e-04
4.313377e+00 1.465730e-04
4.338291e+00 1.509440e-04
4.363349e+00 1.554450e-04
4.388551e+00 1.600800e-04
4.413899e+00 1.648540e-04
4.439394e+00 1.697700e-04
4.465035e+00 1.748330e-04
4.490825e+00 1.800460e-04
4.516764e+00 1.854150e-04
4.542853e+00 1.909450e-04
4.569092e+00 1.966390e-04
4.595483e+00 2.025020e-04
4.622026e+00 2.085410e-04
4.648723e+00 2.147600e-04
4.675574e+00 2.211640e-04
4.702580e+00 2.277590e-04
4.729742e+00 2.345510e-04
4.757060e+00 2.415460e-04
4.784537e+00 2.487490e-04
4.812172e+00 2.561660e-04
4.839967e+00 2.638050e-04
4.867923e+00 2.716720e-04
4.896040e+00 2.797730e-04
4.924319e+00 2.881160e-04
4.952762e+00 2.967080e-04
4.981369e+00 3.055560e-04
5.010141e+00 3.146680e-04
5.039079e+00 3.240510e-04
5.068185e+00 3.337150e-04
5.097458e+00 3.436660e-04
5.126901e+00 3.539150e-04
5.156514e+00 3.644680e-04
5.186298e+00 3.753370e-04
5.216253e+00 3.865300e-04
5.246382e+00 3.980560e-04
5.276685e+00 4.099260e-04
5.307163e+00 4.221500e-04
5.337817e+00 4.347390e-04
5.368648e+00 4.477030e-04
5.399657e+00 4.610540e-04
5.430845e+00 4.748030e-04
5.462214e+00 4.889620e-04
5.493763e+00 5.035430e-04
5.525495e+00 5.185580e-04
5.557410e+00 5.340220e-04
5.589509e+00 5.499470e-04
5.621794e+00 5.663460e-04
5.654265e+00 5.833260e-04
5.686924e+00 6.021350e-04
5.719772e+00 6.215510e-04
5.752809e+00 6.415920e-04
5.786037e+00 6.622790e-04
5.819457e+00 6.836340e-04
5.853070e+00 7.056770e-04
5.886877e+00 7.284310e-04
5.920879e+00 7.519190e-04
5.955078e+00 7.761640e-04
5.989474e+00 8.011900e-04
6.024069e+00 8.270240e-04
6.058864e+00 8.536910e-04
6.093860e+00 8.812170e-04
6.129058e+00 9.096310e-04
6.164459e+00 9.389610e-04
6.200064e+00 9.692370e-04
6.235876e+00 1.000490e-03
6.271894e+00 1.032750e-03
6.308120e+00 1.066050e-03
6.344555e+00 1.100420e-03
6.381201e+00 1.135910e-03
6.418059e+00 1.172530e-03
6.455129e+00 1.210340e-03
6.492414e+00 1.249360e-03
6.529914e+00 1.289650e-03
6.567630e+00 1.331230e-03
6.605565e+00 1.374160e-03
6.643718e+00 1.418470e-03
6.682092e+00 1.464200e-03
6.720688e+00 1.514450e-03
6.759506e+00 1.566960e-03
6.798549e+00 1.621290e-03
6.837817e+00 1.677510e-03
6.877312e+00 1.735670e-03
6.917035e+00 1.795850e-03
6.956987e+00 1.858120e-03
6.997171e+00 1.922550e-03
7.037586e+00 1.989210e-03
7.078235e+00 2.058180e-03
7.119118e+00 2.129550e-03
7.160238e+00 2.203390e-03
7.201595e+00 2.279780e-03
7.243191e+00 2.358830e-03
7.285028e+00 2.440620e-03
7.327106e+00 2.525250e-03
7.369427e+00 2.612810e-03
7.411992e+00 2.708740e-03
7.454804e+00 2.809260e-03
7.497862e+00 2.913510e-03
7.541170e+00 3.021630e-03
7.584727e+00 3.133750e-03
7.628536e+00 3.250040e-03
7.672598e+00 3.370650e-03
7.716915e+00 3.495730e-03
7.761488e+00 3.625450e-03
7.806318e+00 3.759990e-03
7.851407e+00 3.901370e-03
7.896756e+00 4.055660e-03
7.942367e+00 4.216060e-03
7.988242e+00 4.382800e-03
8.034382e+00 4.556140e-03
8.080788e+00 4.736330e-03
8.127463e+00 4.923650e-03
8.174406e+00 5.118860e-03
8.221621e+00 5.333830e-03
8.269109e+00 5.557830e-03
8.316871e+00 5.791240e-03
8.364909e+00 6.034450e-03
8.413225e+00 6.287870e-03
8.461819e+00 6.566010e-03
8.510694e+00 6.857850e-03
8.559852e+00 7.162670e-03
8.609293e+00 7.482150e-03
8.659020e+00 7.833120e-03
8.709034e+00 8.200540e-03
8.759337e+00 8.586550e-03
8.809931e+00 9.010470e-03
8.860816e+00 9.455320e-03
8.911996e+00 9.937720e-03
8.963471e+00 1.045290e-02
9.015244e+00 1.101290e-02
9.067316e+00 1.161280e-02
9.119688e+00 1.227240e-02
9.172363e+00 1.299000e-02
9.225342e+00 1.376010e-02
9.278628e+00 1.457590e-02
9.332221e+00 1.544000e-02
9.386123e+00 1.635540e-02
9.440337e+00 1.732500e-02
9.494864e+00 1.835210e-02
9.549706e+00 1.944010e-02
9.604865e+00 2.059260e-02
9.660342e+00 2.181340e-02
9.716140e+00 2.310660e-02
9.772260e+00 2.447640e-02
9.828704e+00 2.592750e-02
9.885474e+00 2.746460e-02
9.942572e+00 2.909280e-02
1.000000e+01 3.081750e-02
